0.000000
-0.177878
-0.322718
-0.324806
-0.272670
-0.259474
-0.355900
-0.416135
-0.411793
-0.415848
-0.456057
-0.495818
-0.573639
-0.622563
-0.633601
-0.586523
-0.616782
-0.646802
-0.695974
-0.686336
-0.713203
-0.684495
-0.712464
-0.757019
-0.751597
-0.757874
-0.775572
-0.776589
-0.782319
-0.810750
-0.854682
-0.877903
-0.906283
-0.905307
-0.898623
-0.909647
-0.929118
-0.919341
-0.954752
-0.981903
-0.975199
-0.997931
-0.985300
-1.004322
-1.018101
-1.008181
-1.027407
-1.034269
-1.060651
-1.049707
-1.055966
-1.046188
-1.077564
-1.094070
-1.135476
-1.102900
-1.094324
-1.122076
-1.143028
-1.161978
-1.155945
-1.162024
-1.162460
-1.170740
-1.197368
-1.242115
-1.250824
-1.300712
-1.324818
-1.336634
-1.348437
-1.361040
-1.369611
-1.353950
-1.358203
-1.373468
-1.377470
-1.393659
-1.389408
-1.395751
-1.416807
-1.413715
-1.402922
-1.389371
-1.383007
-1.387790
-1.413446
-1.448852
-1.446002
-1.477056
-1.482318
-1.526189
-1.538472
-1.549875
-1.551265
-1.555305
-1.570751
-1.568374
-1.549472
-1.561401
-1.557909
-1.578333
-1.562614
-1.602553
-1.598217
-1.604569
-1.602825
-1.596541
-1.639832
-1.674222
-1.688140
-1.684386
-1.727455
-1.732780
-1.730236
-1.731225
-1.735417
-1.765720
-1.752101
-1.771564
-1.781607
-1.772511
-1.807186
-1.803132
-1.833655
-1.832283
-1.834777
-1.836900
-1.819592
-1.808062
-1.802525
-1.789087
-1.794423
-1.806222
-1.823882
-1.808047
-1.828843
-1.836587
-1.807414
-1.826064
-1.820953
-1.836365
-1.844212
-1.842992
-1.815356
-1.820304
-1.826475
-1.870342
-1.921269
-1.916128
-1.930722
-1.971309
-1.996304
-1.990365
-1.996239
-1.995792
-2.013249
-2.000929
-2.007984
-2.013795
-2.046387
-2.083573
-2.092836
-2.124007
-2.123132
-2.104722
-2.128132
-2.127489
-2.145393
-2.121526
-2.133798
-2.132705
-2.157661
-2.175766
-2.197065
-2.255103
-2.226484
-2.188780
-2.174264
-2.179401
-2.198921
-2.211416
-2.216429
-2.195206
-2.214094
-2.221711
-2.229698
-2.250956
-2.290550
-2.301996
-2.294605
-2.284565
-2.276684
-2.295498
-2.305992
-2.294850
-2.287155
-2.280607
-2.313026
-2.305701
-2.326865
-2.345992
-2.328429
-2.352030
-2.339263
-2.328138
-2.298084
-2.264976
-2.260708
-2.257848
-2.260930
-2.263791
-2.252931
-2.244697
-2.242212
-2.268836
-2.261520
-2.261159
-2.286092
-2.274345
-2.283036
-2.257491
-2.264484
-2.245766
-2.220920
-2.207458
-2.205914
-2.223717
-2.200100
-2.207747
-2.193913
-2.199777
-2.230243
-2.232684
-2.209125
-2.242829
-2.253641
-2.240286
-2.244816
-2.209810
-2.131756
-2.110866
-2.147682
-2.201767
-2.206327
-2.198245
-2.206755
-2.192965
-2.170749
-2.157112
-2.192890
-2.236623
-2.229454
-2.169528
-2.191627
-2.173751
-2.213172
-2.265354
-2.320398
-2.330936
-2.370483
-2.386157
-2.393616
-2.425620
-2.449060
-2.491284
-2.476502
-2.469603
-2.468016
-2.464653
-2.480103
-2.479731
-2.479280
-2.424413
-2.424194
-2.449785
-2.504098
-2.544832
-2.528020
-2.509719
-2.526830
-2.553994
-2.530234
-2.512877
-2.504448
-2.493497
-2.456911
-2.414933
-2.467078
-2.466735
-2.465527
-2.560463
-2.589145
-2.596217
-2.613506
-2.592542
-2.571615
-2.498936
-2.473437
-2.439052
-2.442199
-2.495398
-2.517038
-2.534684
-2.542903
-2.541798
-2.603556
-2.658849
-2.646404
-2.702860
-2.717533
-2.724173
-2.737700
-2.654700
-2.678584
-2.691422
-2.674769
-2.632353
-2.559803
-2.551799
-2.595550
-2.618174
-2.671798
-2.611221
-2.607942
-2.615829
-2.581276
-2.573454
-2.609988
-2.606726
-2.568169
-2.546710
-2.537723
-2.526540
-2.616840
-2.578256
-2.621013
-2.666331
-2.687556
-2.675162
-2.636489
-2.658445
-2.690611
-2.686527
-2.707588
-2.723042
-2.706568
-2.707202
-2.687093
-2.693183
-2.689333
-2.736394
-2.755644
-2.736407
-2.756744
-2.675695
-2.637761
-2.681688
-2.614192
-2.621811
-2.606167
-2.668685
-2.661694
-2.628620
-2.616814
-2.619222
-2.608471
-2.674958
-2.600515
-2.617274
-2.602865
-2.579979
-2.543235
-2.618391
-2.595654
-2.619554
-2.575108
-2.580289
-2.596925
-2.594732
-2.574246
-2.591450
-2.585987
-2.570030
-2.632238
-2.614519
-2.591503
-2.607486
-2.675990
-2.775900
-2.862142
-2.818245
-2.770028
-2.789455
-2.826348
-2.878447
-2.932441
-2.937440
-2.963660
-3.053946
-3.038458
-2.963814
-3.010273
-3.072759
-3.015195
-3.008029
-3.091926
-3.059660
-3.021487
-2.995701
-3.015357
-2.975275
-2.960319
-2.927703
-2.968398
-2.996305
-3.032219
-3.076860
3.072671
3.064758
3.009408
3.020567
2.993830
3.003786
3.017433
3.061275
3.016959
3.031148
2.992962
3.055381
3.046766
3.041463
2.987013
2.988101
2.959986
2.868738
2.879119
2.893929
2.871709
2.818365
2.769466
2.738759
2.689787
2.707900
2.763469
2.756352
2.768961
2.747570
2.754857
2.791925
2.843844
2.863529
2.834300
2.738130
2.763469
2.734349
2.695245
2.725913
2.769582
2.758813
2.696248
2.753099
2.769161
2.716697
2.794660
2.838581
2.846564
2.774137
2.774571
2.722473
2.795545
2.703205
2.677286
2.639169
2.628770
2.642784
2.663858
2.614676
2.629345
2.549707
2.500323
2.453750
2.371560
2.376947
2.412860
2.422142
2.389409
2.385946
2.335759
2.317180
2.304923
2.321240
2.291775
2.324360
2.377930
2.373850
2.362421
2.336477
2.289748
2.380364
2.413343
2.372805
2.315771
2.300953
2.270664
2.324983
2.305885
2.295943
2.327581
2.324288
2.349148
2.373991
2.395014
2.344849
2.287076
2.324666
2.336322
2.339138
2.380371
2.390405
2.412568
2.417324
2.400845
2.444893
2.404493
2.418601
2.445085
2.491702
2.510933
2.481280
2.460305
2.442824
2.416816
2.425571
2.479403
2.483662
2.520949
2.574964
2.621798
2.598695
2.584001
2.547827
2.479470
2.492063
2.524243
2.543903
2.503598
2.469382
2.484890
2.491919
2.567980
2.517508
2.582609
2.658424
2.635309
2.674580
2.544676
2.656392
2.703434
2.711040
2.653858
2.701847
2.701378
2.631817
2.671411
2.652604
2.572552
2.536414
2.418315
2.441174
2.396795
2.421694
2.374801
2.305474
2.299216
2.285854
2.321765
2.264853
2.265564
2.280729
2.309859
2.326427
2.337305
2.406546
2.391099
2.365880
2.343916
2.364212
2.387136
2.323795
2.301886
2.265179
2.178279
2.192241
2.160981
2.143920
2.148511
2.132277
2.143999
2.208946
2.198013
2.207804
2.187937
2.146502
2.088626
2.112623
2.118188
2.171325
2.180523
2.178933
2.143943
2.198312
2.229205
2.304043
2.306307
2.283148
2.271948
2.294963
2.249829
2.201973
2.223153
2.226220
2.238801
2.278816
2.339355
2.312444
2.320520
2.332811
2.315107
2.250120
2.226364
2.232700
2.190070
2.120227
2.199812
2.224590
2.245720
2.289340
2.262138
2.296634
2.311249
2.282142
2.339573
2.335982
2.356212
2.354500
2.352231
2.331617
2.330799
2.277968
2.294249
2.306811
2.293798
2.243282
2.287682
2.281651
2.269473
2.286183
2.223316
2.291086
2.248014
2.209950
2.228881
2.200786
2.260745
2.232575
2.175128
2.216333
2.213543
2.203409
2.213659
2.206949
2.239465
2.184331
2.170212
2.168799
2.134779
2.133645
2.210412
2.204913
2.172923
2.184341
2.206743
2.216154
2.243619
2.246462
2.194206
2.142840
2.143342
2.175695
2.153243
2.166208
2.197287
2.206210
2.201219
2.251545
2.295269
2.362054
2.357301
2.357403
2.302623
2.307224
2.253113
2.279738
2.321731
2.343623
2.336192
2.358173
2.324776
2.312480
2.298402
2.328570
2.358839
2.385138
2.388641
2.373261
2.411860
2.432378
2.431015
2.409264
2.354528
2.378813
2.364724
2.353260
2.314596
2.255418
2.256639
2.213620
2.255421
2.253481
2.274905
2.278931
2.187713
2.194584
2.167639
2.238738
2.290639
2.320604
2.229642
2.221488
2.182554
2.194017
2.162278
2.203104
2.259447
2.243860
2.228962
2.218759
2.211807
2.242595
2.279475
2.261548
2.268791
2.239509
2.220225
2.243907
2.285060
2.242933
2.162794
2.178192
2.186229
2.177940
2.134000
2.156142
2.119668
2.154989
2.124010
2.144906
2.129791
2.173233
2.192152
2.214654
2.241853
2.230114
2.218214
2.183639
2.163886
2.181068
2.182569
2.217734
2.180362
2.191062
2.209195
2.208212
2.197818
2.158232
2.174147
2.204494
2.181072
2.204001
2.228345
2.250089
2.292696
2.276124
2.298214
2.311544
2.344448
2.353331
2.347378
2.328830
2.330555
2.373463
2.370083
2.414891
2.400133
2.380811
2.358633
2.369395
2.419869
2.401233
2.363496
2.335709
2.359876
2.314719
2.272201
2.253008
2.266392
2.283890
2.283460
2.227962
2.222221
2.210340
2.212197
2.252730
2.254048
2.212500
2.228469
2.204591
2.237074
2.222946
2.262968
2.238375
2.230003
2.215480
2.205793
2.260793
2.292455
2.309486
2.309894
2.358761
2.347954
2.382551
2.365594
2.388144
2.370085
2.376793
2.383768
2.359213
2.377795
2.430734
2.444469
2.431320
2.402750
2.432740
2.446853
2.418712
2.454216
2.401579
2.383953
2.365593
2.379726
2.405790
2.426812
2.447075
2.435670
2.458454
2.450168
2.425006
2.462956
2.497377
2.464528
2.453938
2.458973
2.463347
2.494878
2.458948
2.448850
2.454471
2.452869
2.435439
2.416075
2.372938
2.390763
2.433873
2.430127
2.432886
2.431544
2.425874
2.394573
2.410353
2.428466
2.406474
2.351217
2.357578
2.341813
2.357567
2.340189
2.356771
2.338214
2.359010
2.436418
2.471075
2.469990
2.438969
2.398389
2.416726
2.426694
2.404365
2.361776
2.311947
2.287934
2.281928
2.284007
2.247948
2.289790
2.292281
2.275387
2.257746
2.264750
2.244150
2.227749
2.271592
2.291798
2.352556
2.375696
2.344651
2.398104
2.468182
2.498896
2.462319
2.458174
2.507525
2.499869
2.534109
2.552615
2.530460
2.526761
2.499975
2.423661
2.389474
2.370809
2.358413
2.393178
2.382195
2.353035
2.331260
2.348337
2.317886
2.313148
2.349022
2.364643
2.415452
2.404085
2.401406
2.433270
2.496848
2.514461
2.542411
2.586221
2.558696
2.527163
2.564580
2.547671
2.542704
2.573194
2.607740
2.544098
2.514989
2.413723
2.415267
2.382561
2.421361
2.439380
2.390564
2.379279
2.412719
2.324686
2.314301
2.290134
2.280186
2.211320
2.235216
2.239744
2.266882
2.238280
2.289456
2.308558
2.289126
2.329934
2.379094
2.413391
2.424757
2.453585
2.393159
2.396030
2.410039
2.420885
2.406703
2.374150
2.324827
2.324616
