0.000000
0.665308
0.869162
0.884283
1.054720
1.210635
1.058926
1.304479
1.315614
1.165773
1.094726
1.148822
1.161345
1.010400
0.925123
0.861028
1.085334
1.094578
1.185738
1.270548
1.315583
1.296416
1.314845
1.296071
1.232138
1.219648
1.091582
0.979251
1.061030
1.143173
1.191310
1.135904
1.108664
1.134296
1.165814
1.178342
1.011341
1.098171
1.145444
1.018473
1.009803
0.922798
0.920248
0.985179
1.035855
1.100486
1.135276
1.159597
1.147958
1.089165
1.160737
1.227798
1.112203
1.036471
1.089255
1.090464
1.128068
1.152556
1.129747
1.155339
1.202029
1.206749
1.240865
1.203235
1.164766
1.148995
1.174396
1.175137
1.204026
1.134019
1.125657
1.127609
1.175769
1.207980
1.159083
1.071628
1.076583
1.084904
1.141284
1.111519
1.091031
1.051938
1.072663
1.051685
1.159324
1.032498
1.074807
1.091155
1.096926
1.099133
1.097384
1.105606
1.118647
1.150065
1.225408
1.226245
1.199589
1.205655
1.213519
1.135803
1.068579
1.092588
1.049929
1.025491
1.063267
1.076301
1.106772
1.112597
1.159900
1.179042
1.184322
1.195731
1.148942
1.168316
1.131141
1.133539
1.170553
1.116262
1.188370
1.172959
1.211616
1.196802
1.249673
1.257437
1.300799
1.228177
1.218575
1.184923
1.185283
1.144558
1.066140
1.093526
1.182660
1.243689
1.191104
1.222355
1.119050
1.081120
1.060368
1.113217
1.043835
1.108796
1.088747
1.126733
1.213635
1.196869
1.211360
1.131641
1.117207
1.105580
1.154664
1.169572
1.142063
1.118926
1.089944
1.088732
1.073152
1.081700
1.081599
1.101435
1.161704
1.183672
1.232673
1.202961
1.173928
1.176932
1.190232
1.167014
1.166611
1.167066
1.144022
1.203348
1.174943
1.164767
1.142289
1.096503
1.065913
1.015718
0.953014
1.010089
1.112948
1.106448
1.131445
1.143773
1.144819
1.112671
1.116904
1.106866
1.154748
1.095467
1.108366
1.022558
0.998954
1.037593
1.022965
1.085321
1.080166
1.144080
1.106357
1.094599
1.095217
1.140785
1.117661
1.163654
1.180035
1.158977
1.242532
1.208569
1.167144
1.164580
1.129519
1.103099
1.169373
1.121738
1.095225
1.095230
1.108689
1.063659
1.042587
1.059184
1.062308
1.026453
0.999302
1.007982
1.040804
1.025383
1.105238
1.128406
1.127210
1.128413
1.172561
1.088951
1.036795
1.038000
0.960715
0.906862
0.972912
0.999770
1.066937
1.130737
1.168977
1.236854
1.167978
1.137459
1.119230
1.092072
1.074445
1.109393
1.146055
1.168606
1.106649
1.136532
1.163324
1.144733
1.071838
1.062832
1.027341
1.053353
1.036479
1.049297
1.121315
1.189437
1.175634
1.162071
1.178435
1.210660
1.167542
1.098516
1.139640
1.176220
1.195112
1.176922
1.141271
1.161042
1.156721
1.175409
1.184649
1.171476
1.152318
1.150697
1.154523
1.143684
1.160774
1.151091
1.151884
1.168559
1.163965
1.164934
1.149423
1.088582
1.126286
1.182102
1.153960
1.182690
1.218757
1.226558
1.212961
1.152018
1.145344
1.135411
1.180063
1.176258
1.176126
1.080032
1.143931
1.082115
1.094302
1.085130
1.129139
1.063207
1.087529
1.092922
1.129616
1.088449
1.019884
1.051140
1.098588
1.142714
1.179737
1.226772
1.199645
1.190482
1.130185
1.116644
1.092429
1.072064
1.063680
1.029882
1.128892
1.196951
1.234758
1.206704
1.184901
1.149563
1.117144
1.123005
1.109488
1.051891
1.047829
1.114762
1.126563
1.176805
1.190336
1.215687
1.268902
1.238844
1.241294
1.240423
1.152043
1.143363
1.165959
1.168176
1.161982
1.075441
1.078181
1.116137
1.056294
1.078306
1.112835
1.145975
1.124259
1.055907
1.062367
1.049419
1.032007
1.108990
1.109991
1.150950
1.171464
1.218388
1.199477
1.187170
1.129365
1.141692
1.157320
1.149594
1.117707
1.154995
1.161464
1.094361
1.099875
1.091956
1.102273
1.100963
1.046748
1.128642
1.061169
1.078551
1.099576
1.196365
1.186534
1.183810
1.151834
1.180322
1.165636
1.200824
1.225044
1.216451
1.175776
1.224812
1.119065
1.093052
1.020412
1.084102
1.126801
1.147029
1.121185
1.129171
1.144413
1.183383
1.179868
1.171903
1.141169
1.181690
1.224216
1.195188
1.216554
1.176328
1.143014
1.130107
1.092881
1.077186
1.075713
1.073084
1.021467
1.073601
1.086480
1.088672
1.052722
1.120414
1.133204
1.162928
1.165518
1.209628
1.211048
1.203814
1.180421
1.127414
1.144151
1.102403
1.075990
1.121542
1.158400
1.160307
1.127805
1.102419
1.149680
1.149895
1.231987
1.222289
1.191003
1.169111
1.088604
1.098953
1.082577
1.090965
1.127649
1.127708
1.072539
1.137259
1.212604
1.151538
1.137769
1.143492
1.148130
1.200527
1.183862
1.184093
1.176838
1.135070
1.131650
1.131445
1.120318
1.182362
1.117051
1.147946
1.142033
1.124451
1.121654
1.099613
1.133509
1.152200
1.136188
1.107997
1.094848
1.089996
1.116821
1.178149
1.164676
1.125207
1.139526
1.194150
1.173968
1.155589
1.117118
1.135459
1.096759
1.122933
1.149006
1.193266
1.204337
1.192635
1.175371
1.138396
1.161597
1.171385
1.180080
1.146476
1.127377
1.094083
1.095553
1.095300
1.111553
1.110270
1.161800
1.190230
1.227401
1.210140
1.145600
1.078562
1.093914
1.140704
1.139196
1.135377
1.143910
1.195873
1.200442
1.199543
1.196745
1.228222
1.296673
1.262315
1.213607
1.189638
1.122357
1.044365
1.004781
1.039021
1.038760
1.141958
1.154371
1.142688
1.221198
1.237081
1.170072
1.135717
1.116496
1.127760
1.051995
1.039252
1.013896
1.045552
1.077511
1.081622
1.123848
1.111195
1.144135
1.135633
1.127860
1.052547
1.033615
1.060150
1.103340
1.052075
1.061909
1.076367
1.130024
1.096622
1.070031
1.106025
1.131715
1.107769
1.176393
1.209907
1.148484
1.156497
1.154057
1.167176
1.164945
1.198863
1.221613
1.189578
1.190763
1.133967
1.163108
1.119269
1.133933
1.150947
1.159890
1.169887
1.264482
1.256265
1.267965
1.212983
1.242604
1.163203
1.124056
1.077650
1.145298
1.086005
1.064295
1.081228
1.048777
1.072252
1.075078
1.108075
1.123878
1.111534
1.084318
1.175528
1.167594
1.179692
1.167150
1.222341
1.262264
1.250159
1.219952
1.245245
1.272869
1.205525
1.198615
1.234686
1.267335
1.219424
1.167921
1.153166
1.128978
1.096939
1.075958
1.023944
1.040708
1.032311
1.077072
1.090573
1.194369
1.189124
1.083754
1.064955
1.049606
1.083812
1.056199
1.049232
1.069249
1.132135
1.095646
1.071311
1.082636
1.098379
1.052612
1.098154
1.084866
1.096732
1.082445
1.031843
1.087181
1.150882
1.110337
1.090050
1.122885
1.082970
1.111961
1.141183
1.136346
1.087392
1.071023
1.167744
1.147558
1.126386
1.131048
1.146737
1.174588
1.157393
1.112130
1.145991
1.081694
1.057719
1.094914
1.055275
1.029687
1.073765
1.173679
1.186257
1.173676
1.158682
1.132281
1.062109
1.064192
1.092636
1.091065
1.084870
1.079727
1.021988
1.020445
1.056006
1.110648
1.088459
1.192294
1.264061
1.241247
1.267110
1.262725
1.321597
1.316170
1.260271
1.194058
1.151154
1.124536
1.089826
1.090258
1.043081
0.997570
1.005866
1.046576
1.013163
1.084519
1.035902
1.060097
1.048992
1.025699
1.063527
1.040001
1.077015
1.096347
1.180519
1.203657
1.182781
1.126679
1.164833
1.118153
1.102527
1.111538
1.107797
1.088164
1.137128
1.126107
1.186818
1.159020
1.124858
1.135901
1.093383
1.085405
1.076227
1.101273
1.071015
1.076167
1.126895
1.137095
1.094462
1.084145
1.124737
1.127984
1.118963
1.111952
1.180068
1.172334
1.179059
1.153080
1.161077
1.211123
1.225664
1.262664
1.222799
1.204716
1.150873
1.144794
1.119074
1.073846
1.077763
1.122920
1.111321
1.155058
1.132924
1.121803
1.115998
1.115773
1.171010
1.218395
1.204290
1.220084
1.212459
1.163328
1.075846
1.087910
1.114315
1.079684
1.055458
1.079553
1.078036
1.088407
1.063072
1.084443
1.095949
1.058404
1.119051
1.180048
1.144931
1.087897
1.127684
1.083587
1.038798
1.035847
0.963716
1.036712
1.095531
1.104968
1.122485
1.135739
1.132763
1.140074
1.136414
1.128048
1.127450
1.145246
1.157429
1.161593
1.123626
1.083550
1.151795
1.140567
1.180154
1.145834
1.132939
1.097042
1.047784
1.031277
1.025421
1.090512
1.109849
1.100534
1.100315
1.091910
1.094783
1.014395
1.028171
1.038423
1.056285
1.083056
1.155354
1.131230
1.117288
1.127747
1.151767
1.190495
1.176041
1.155062
1.145048
1.128536
1.147072
1.180573
1.168024
1.094266
1.123575
1.125031
1.104473
1.165416
1.159313
1.243238
1.179344
1.148070
1.173395
1.186583
1.184863
1.147509
1.076571
1.067662
1.154568
1.217096
1.190259
1.110953
1.104020
1.136965
1.150882
1.226685
1.248882
1.272674
1.224924
1.232778
1.254842
1.198750
1.196493
1.141210
1.168717
1.142856
1.150247
1.141441
1.111969
1.113702
1.087403
1.111043
1.031116
1.006099
1.076070
1.096080
1.114792
1.159887
1.178809
1.175840
1.157064
1.205715
1.166860
1.142198
1.171241
1.131029
1.123839
1.086997
1.118649
1.117321
1.114770
1.119865
1.127711
1.107239
1.128304
1.069760
1.076034
1.137444
1.109554
1.085987
1.092495
1.095609
1.051760
1.025170
1.094031
1.139280
1.102760
1.142300
1.186992
1.215783
1.213379
1.216163
1.148960
1.157830
1.151989
1.140482
1.082433
1.094816
1.127513
1.112387
1.095534
1.085941
1.076715
1.080455
1.113643
1.161295
1.086556
1.084765
1.108917
1.116014
1.156108
1.155959
1.198257
1.194247
1.245023
1.198182
1.176236
1.182199
1.197542
1.156942
1.119708
1.119809
1.164246
1.237767
1.211785
1.196786
1.206778
1.176487
1.117004
1.160469
1.083806
1.120852
1.130272
1.148890
1.169881
1.147626
1.145124
1.162107
1.216143
1.251985
1.284958
1.253479
1.288540
1.221297
1.162957
1.139850
1.087069
1.042372
1.033013
1.020823
1.029331
1.101448
1.089802
1.121130
1.132397
1.147788
1.144079
1.149383
1.103402
1.093291
1.078283
1.100294
1.164650
1.201059
