0.000000
0.717127
0.601936
0.778704
0.904247
0.997660
0.893372
0.887117
0.959227
0.944054
1.058895
1.074644
1.057445
1.133822
1.192226
1.408310
1.434366
1.620451
1.538462
1.702580
1.680667
1.627539
1.608090
1.730248
1.801128
1.767076
1.736521
1.789003
1.788815
1.826760
2.005058
1.956350
1.937526
1.888235
1.785998
1.826366
1.809523
1.902992
1.909448
1.989197
2.022009
2.193008
2.025867
2.093260
2.015085
2.040596
2.043297
2.203908
2.333960
2.195581
2.252871
2.213525
2.239760
2.278898
2.185214
2.185194
2.138179
2.081710
2.017031
1.955899
2.052118
2.240164
2.185011
2.260532
2.107620
2.178799
2.188420
2.187517
2.151027
2.163377
2.173241
2.199482
2.014637
2.070138
2.037406
2.099661
2.156365
2.153593
2.251175
2.226696
2.131702
2.123720
2.237635
2.205902
2.210193
2.072791
2.120453
2.190613
2.179309
2.110777
2.247055
2.125506
2.182146
2.142213
2.020834
2.089362
2.133788
2.210390
2.264074
2.257149
2.259218
2.281002
2.240272
2.213099
2.258359
2.364680
2.295471
2.255688
2.193902
2.149119
2.055970
2.058069
2.060644
1.999732
2.097066
2.246404
2.178700
2.031756
2.191696
2.191407
2.195960
2.146829
2.126316
2.169536
2.205230
2.269662
2.325008
2.362058
2.313178
2.282318
2.212716
2.296590
2.255212
2.364291
2.269498
2.239938
2.270107
2.457762
2.414515
2.485200
2.590782
2.514947
2.613250
2.624227
2.702818
2.537375
2.478754
2.641678
2.614220
2.633872
2.581779
2.497493
2.435206
2.433113
2.433275
2.448295
2.613115
2.601545
2.542926
2.403053
2.469471
2.428607
2.381657
2.454698
2.453152
2.547737
2.489969
2.469978
2.450040
2.479322
2.508743
2.499049
2.434242
2.352522
2.309398
2.262521
2.301761
2.274858
2.282180
2.281577
2.290124
2.420306
2.419775
2.312005
2.229655
2.188842
2.219863
2.150953
2.186206
2.187352
2.195399
2.202928
2.214165
2.253792
2.199449
2.334988
2.408982
2.483513
2.528435
2.547698
2.535552
2.476230
2.478744
2.380787
2.349556
2.385946
2.426762
2.475448
2.419671
2.432312
2.330055
2.300936
2.261979
2.266005
2.397794
2.448238
2.472965
2.354281
2.453508
2.493588
2.462806
2.358013
2.471707
2.389815
2.391329
2.342950
2.352545
2.320664
2.336024
2.236853
2.221419
2.113861
2.123174
2.188549
2.226675
2.331727
2.265419
2.392894
2.378918
2.427014
2.449804
2.476552
2.394408
2.272058
2.319322
2.348001
2.363362
2.246917
2.191698
2.241381
2.187729
2.108365
2.226911
2.201631
2.214339
2.224384
2.297229
2.241132
2.228254
2.246121
2.229417
2.116342
2.167341
2.103102
2.124613
2.121103
2.193352
2.353268
2.330191
2.398817
2.400172
2.385033
2.432052
2.456360
2.364313
2.354038
2.371871
2.444509
2.364064
2.210996
2.147550
2.221226
2.207617
2.229465
2.260494
2.255954
2.245666
2.198971
2.257118
2.251354
2.280644
2.367122
2.307464
2.261323
2.275678
2.251729
2.222703
2.275107
2.276998
2.382883
2.311836
2.341669
2.398616
2.388049
2.304447
2.364394
2.297576
2.269536
2.303691
2.277561
2.290003
2.316379
2.245188
2.136715
2.160819
2.209903
2.153990
2.153915
2.158538
2.102943
2.025492
1.954032
1.958286
2.030096
1.993117
1.994759
2.021495
2.012809
1.868166
1.931671
1.927207
2.021047
2.024353
1.999462
1.941259
2.038858
1.947417
1.963512
1.902547
1.987818
2.038121
2.045324
2.062058
2.106001
2.082409
2.020783
2.083624
2.086962
2.123722
2.180154
2.153395
2.194818
2.167669
2.154918
2.200207
2.222656
2.189810
2.141598
2.230493
2.165703
2.130767
2.096956
2.036860
2.023295
2.016175
1.979843
1.914439
2.042162
2.042861
2.129208
2.210409
2.262675
2.273497
2.200138
2.263847
2.204796
2.237382
2.235782
2.329097
2.254078
2.274528
2.292150
2.201781
2.176617
2.165939
2.211390
2.191093
2.177145
2.173404
2.136442
2.161889
2.218716
2.232910
2.270317
2.241006
2.256148
2.279418
2.196268
2.021403
2.063470
2.006764
2.014378
2.043504
2.071557
2.076976
2.108548
2.120428
2.112586
2.069360
2.129247
2.108100
2.067570
2.048210
2.080061
2.069199
1.978367
1.965326
1.910854
1.859846
1.925562
2.004645
2.067038
2.115748
2.202649
2.162688
2.285218
2.210243
2.318000
2.332333
2.411296
2.446168
2.457724
2.372378
2.433252
2.469230
2.452887
2.453451
2.481991
2.476098
2.459744
2.495896
2.448912
2.383888
2.391961
2.329486
2.323120
2.371737
2.417445
2.283628
2.242615
2.197050
2.253801
2.403395
2.410163
2.467007
2.407974
2.454026
2.427885
2.421974
2.440429
2.356499
2.315877
2.308407
2.176692
2.166655
2.215444
2.288387
2.296901
2.356116
2.383224
2.422255
2.457903
2.433241
2.439296
2.494309
2.405208
2.386107
2.303723
2.277542
2.301006
2.292833
2.341504
2.341842
2.384339
2.468155
2.487237
2.455026
2.493228
2.475381
2.482582
2.416194
2.368779
2.411813
2.288288
2.326916
2.273847
2.224024
2.141136
2.241151
2.216604
2.271375
2.209376
2.173770
2.232286
2.268136
2.249463
2.194536
2.117988
2.177942
2.262006
2.207522
2.235298
2.182290
2.234325
2.294234
2.265819
2.274539
2.288945
2.228674
2.176563
2.287616
2.216310
2.285090
2.364232
2.518230
2.588161
2.517821
2.429783
2.373994
2.436762
2.417810
2.346078
2.401392
2.373627
2.369035
2.326026
2.294820
2.269512
2.287511
2.241315
2.197194
2.260114
2.292371
2.332855
2.405718
2.381095
2.389672
2.382724
2.375389
2.462606
2.418639
2.413285
2.362752
2.328037
2.318344
2.354893
2.346288
2.185695
2.109887
2.180144
2.220148
2.135451
2.047904
2.182448
2.290329
2.257491
2.219324
2.229092
2.114340
2.202052
2.238090
2.257011
2.251201
2.198008
2.238510
2.214648
2.262044
2.252661
2.215406
2.277414
2.204609
2.224212
2.236390
2.261893
2.306748
2.246969
2.275504
2.266761
2.332205
2.307531
2.266565
2.240707
2.243129
2.326880
2.298919
2.316042
2.325664
2.339829
2.398785
2.498861
2.480054
2.516945
2.482371
2.571500
2.563570
2.548994
2.484304
2.475343
2.333193
2.379777
2.382501
2.384598
2.365702
2.292822
2.299428
2.306244
2.268486
2.169636
2.264084
2.284696
2.315265
2.400478
2.338819
2.314824
2.322900
2.410241
2.449307
2.342270
2.276349
2.237408
2.281548
2.255721
2.218967
2.239931
2.265362
2.345930
2.375697
2.398776
2.356385
2.468666
2.538346
2.529430
2.503207
2.432943
2.357841
2.306535
2.252995
2.183305
2.194769
2.219642
2.182515
2.162415
2.232702
2.224596
2.320311
2.264148
2.282989
2.312625
2.256400
2.232954
2.232586
2.199057
2.207232
2.265263
2.232484
2.245130
2.206030
2.217580
2.266959
2.262837
2.294548
2.333790
2.261393
2.284513
2.234160
2.211205
2.219989
2.210352
2.127710
2.099589
2.092325
2.057872
2.086589
2.112500
2.130946
2.265546
2.165759
2.111507
2.125345
2.144435
2.146298
2.127815
2.154564
2.193150
2.318037
2.334228
2.335713
2.291203
2.242516
2.286235
2.263793
2.154859
2.269120
2.297475
2.297365
2.314127
2.357864
2.330079
2.287706
2.188061
2.159689
2.159924
2.106284
2.131512
2.121345
2.206412
2.179538
2.187039
2.170088
2.155289
2.093465
2.047492
2.112944
2.115831
2.231163
2.126690
2.146091
2.127755
2.087385
2.081217
2.008264
2.032272
2.094101
2.006559
2.008677
2.073460
2.029351
2.063228
2.127842
2.243630
2.117753
2.082601
2.068729
2.076197
2.076891
2.064437
2.046858
2.102327
2.069682
1.955899
2.015133
2.086627
2.107822
2.156693
2.113335
2.279040
2.203403
2.178997
2.153742
2.101084
2.172136
2.106888
2.014654
2.128573
2.145599
2.146812
2.163057
2.207026
2.323204
2.204256
2.177526
2.148294
2.204080
2.187737
2.147908
2.269632
2.351470
2.394533
2.392280
2.382860
2.307939
2.261973
2.325356
2.242024
2.204186
2.120109
2.124389
2.073342
2.099217
2.131523
2.080146
2.033585
2.025449
1.999033
1.952778
1.941688
1.945014
1.919110
1.994015
2.074789
2.187779
2.149360
2.271170
2.163272
1.976204
2.052309
2.112692
2.113821
1.989395
2.066066
2.133968
2.148221
2.128978
2.232702
2.169731
2.186797
2.209570
2.206688
2.164338
2.159793
2.129694
2.099633
2.010772
2.001996
2.031557
2.022896
2.011734
2.029546
2.087299
1.983854
2.063320
2.099760
2.049953
2.137505
2.137450
2.221224
2.258692
2.293623
2.282769
2.272910
2.193501
2.179166
2.217479
2.219024
2.213707
2.341417
2.252619
2.284823
2.158404
2.230214
2.180301
2.136348
2.156044
2.168084
2.187606
2.178376
2.168995
2.040560
2.096144
2.175025
2.154824
2.135635
2.179171
2.161939
2.244030
2.273208
2.114614
2.167573
2.253778
2.259885
2.281183
2.280658
2.256459
2.209101
2.106399
2.194354
2.121824
2.150065
2.207894
2.183706
2.048909
2.082973
2.070451
2.117382
2.107587
2.050493
2.105286
2.215653
2.079538
2.096346
2.206368
2.125199
2.106461
2.108358
2.108851
2.070155
2.028373
2.039159
1.994531
2.015332
2.072004
2.097195
2.131124
2.227968
2.148514
2.295967
2.269687
2.060918
2.171058
2.174869
2.192051
2.145060
2.305857
2.277159
2.262206
2.272926
2.324376
2.341438
2.347073
2.321785
2.326496
2.241891
2.329505
2.255045
2.249382
2.268343
2.248864
2.274020
2.252161
2.235543
2.239251
2.209512
2.277637
2.204884
2.125195
2.082031
2.098395
2.057202
2.012284
1.944918
1.977263
1.977847
1.984033
1.958473
1.950973
2.016665
1.965524
2.016732
2.000569
1.895688
1.906856
2.008825
2.031201
2.055888
2.096952
2.134628
2.156763
2.124658
2.122131
2.231888
2.270583
2.359098
2.339036
2.280392
2.145650
2.048684
2.103063
2.130766
2.132199
2.131895
2.106972
2.098556
2.098499
2.070302
2.167779
2.230524
2.126803
2.209449
2.236390
2.189034
2.190691
2.064818
2.085426
2.050751
2.100821
2.117848
2.141112
2.207935
2.147633
2.151715
2.227805
2.153155
2.158279
2.150086
2.214919
2.172177
2.241627
2.266397
2.173272
2.163001
2.211465
