0.000000
2.063802
1.761661
1.860865
1.764216
1.723986
1.695430
1.828063
1.298039
1.491622
1.308134
1.360827
1.502858
1.423471
1.227290
1.184890
1.122792
1.269581
1.148549
1.129262
1.268900
1.418075
1.469945
1.441824
1.526123
1.561566
1.669051
1.671509
1.670654
1.627062
1.533646
1.577417
1.487256
1.433779
1.438905
1.424977
1.379057
1.339659
1.397000
1.466280
1.476888
1.568311
1.394431
1.360947
1.555636
1.494872
1.546940
1.570086
1.596864
1.649193
1.684780
1.493459
1.616189
1.557214
1.532800
1.503972
1.460744
1.510563
1.490410
1.360047
1.344995
1.451576
1.442638
1.446807
1.378971
1.437873
1.438858
1.470323
1.391445
1.349902
1.339159
1.406976
1.479488
1.414524
1.336651
1.343923
1.330135
1.350013
1.324940
1.350239
1.355596
1.469353
1.492711
1.436021
1.340726
1.316526
1.326422
1.308526
1.348071
1.359766
1.430373
1.386518
1.399980
1.393429
1.435144
1.483456
1.433841
1.380899
1.462795
1.426991
1.453784
1.388042
1.331318
1.328244
1.283374
1.291908
1.323280
1.314837
1.254872
1.282822
1.374998
1.447918
1.391748
1.448890
1.526162
1.583761
1.551601
1.581113
1.584371
1.684121
1.607899
1.523312
1.563460
1.533668
1.532572
1.468766
1.472990
1.557496
1.562658
1.524481
1.453864
1.432293
1.426928
1.451347
1.393888
1.377238
1.404712
1.469437
1.434894
1.512401
1.515621
1.541439
1.516990
1.548387
1.464063
1.474814
1.477916
1.496084
1.489949
1.491712
1.443692
1.438473
1.385574
1.420817
1.462941
1.370999
1.304496
1.262645
1.259540
1.274774
1.255883
1.225814
1.230013
1.258640
1.301685
1.317622
1.336174
1.308095
1.357888
1.356004
1.394408
1.373841
1.395518
1.464602
1.432487
1.424870
1.441024
1.505820
1.516219
1.481278
1.491336
1.419994
1.420818
1.421333
1.463319
1.523143
1.514569
1.518885
1.486789
1.407245
1.420019
1.389120
1.329657
1.345721
1.356444
1.345375
1.394874
1.489615
1.504317
1.502148
1.482265
1.536496
1.470124
1.564338
1.486603
1.389627
1.343729
1.319966
1.371747
1.419953
1.442303
1.473294
1.492709
1.492357
1.531563
1.479624
1.363024
1.413462
1.391708
1.392906
1.395994
1.393481
1.403038
1.395216
1.480772
1.506758
1.528404
1.478391
1.396980
1.355673
1.423551
1.396899
1.381599
1.419604
1.416864
1.409185
1.430264
1.423781
1.435016
1.431803
1.470552
1.495499
1.453116
1.456472
1.447733
1.425879
1.451165
1.529742
1.466892
1.463735
1.404998
1.408402
1.414323
1.502607
1.446124
1.472863
1.573469
1.605210
1.620815
1.493617
1.544224
1.526765
1.474774
1.443355
1.503687
1.520238
1.520968
1.528115
1.492201
1.483912
1.519105
1.497427
1.551343
1.537647
1.503515
1.478304
1.417672
1.418589
1.374874
1.397037
1.285502
1.327534
1.337308
1.364832
1.404505
1.446496
1.522505
1.585358
1.561334
1.570865
1.605944
1.586920
1.618255
1.583858
1.580122
1.524079
1.507435
1.499805
1.526368
1.475123
1.511688
1.543793
1.500790
1.442778
1.400693
1.394306
1.376135
1.337841
1.367655
1.398675
1.456384
1.505167
1.617897
1.602793
1.572217
1.572935
1.568856
1.557035
1.564208
1.564759
1.548885
1.493529
1.463477
1.417428
1.414240
1.462141
1.447525
1.422433
1.518717
1.554319
1.561685
1.554060
1.516059
1.485505
1.341206
1.335023
1.332810
1.458503
1.516974
1.480293
1.411946
1.396333
1.423904
1.399845
1.349976
1.308108
1.370050
1.354312
1.429982
1.365747
1.334993
1.409990
1.348063
1.404209
1.394205
1.398626
1.459305
1.451421
1.502877
1.512609
1.432172
1.349296
1.370518
1.367370
1.428773
1.366391
1.370097
1.380721
1.443004
1.504941
1.532947
1.492872
1.496002
1.452595
1.500678
1.473073
1.491830
1.509170
1.504155
1.422992
1.512560
1.490083
1.520561
1.582064
1.515536
1.495558
1.506759
1.446310
1.409688
1.363510
1.367044
1.428541
1.406951
1.360329
1.339084
1.424852
1.409053
1.411299
1.449144
1.474278
1.462664
1.396609
1.396126
1.396997
1.416395
1.450719
1.474046
1.440573
1.487040
1.546320
1.505938
1.408776
1.346093
1.288719
1.248414
1.298845
1.358930
1.361149
1.327983
1.350672
1.419864
1.397960
1.409248
1.373735
1.359063
1.384325
1.394947
1.387690
1.411480
1.407262
1.373568
1.389416
1.394510
1.360629
1.322011
1.334027
1.338193
1.356630
1.300685
1.293288
1.294833
1.308360
1.337581
1.386414
1.406396
1.439154
1.429883
1.471521
1.457812
1.434930
1.434546
1.484219
1.510559
1.463632
1.417482
1.402258
1.317273
1.263467
1.226905
1.303541
1.372068
1.382743
1.404183
1.448523
1.451141
1.479385
1.503454
1.477578
1.421604
1.421569
1.448989
1.404750
1.469044
1.481187
1.476268
1.445332
1.455145
1.558940
1.584952
1.562839
1.416990
1.408312
1.402399
1.497130
1.547237
1.554910
1.513379
1.477757
1.464391
1.502261
1.493892
1.436350
1.388467
1.321542
1.326789
1.312130
1.356770
1.391652
1.466591
1.541866
1.562405
1.516510
1.517096
1.481557
1.506895
1.483444
1.367149
1.405241
1.453067
1.444764
1.495769
1.498091
1.518875
1.502483
1.471848
1.460628
1.429951
1.435779
1.445371
1.465281
1.502761
1.532752
1.515545
1.501708
1.484783
1.463244
1.469567
1.429897
1.488977
1.543777
1.562152
1.575957
1.518248
1.447279
1.390469
1.378363
1.425093
1.430506
1.387034
1.291087
1.322220
1.292303
1.362902
1.352939
1.332548
1.321428
1.350706
1.387274
1.411889
1.393848
1.423216
1.391174
1.360500
1.358449
1.307732
1.335173
1.316264
1.296846
1.318209
1.325152
1.302494
1.317851
1.375916
1.435254
1.421479
1.482256
1.409166
1.377403
1.383182
1.404058
1.414013
1.478579
1.513730
1.529778
1.486488
1.493412
1.434712
1.413946
1.397387
1.430765
1.456885
1.472559
1.414195
1.382500
1.414641
1.400858
1.390911
1.363992
1.385694
1.384162
1.400363
1.436733
1.423346
1.431365
1.464866
1.519311
1.509018
1.530332
1.471505
1.425186
1.395621
1.355084
1.321715
1.373043
1.375827
1.404076
1.424097
1.464463
1.486546
1.482569
1.475751
1.433656
1.409902
1.427818
1.437142
1.364147
1.268725
1.279474
1.249518
1.285284
1.282160
1.328253
1.318861
1.334705
1.320392
1.376010
1.361940
1.356413
1.370131
1.342247
1.295086
1.336136
1.362934
1.391560
1.394108
1.387218
1.438733
1.459692
1.502284
1.457562
1.471109
1.423573
1.406504
1.416427
1.512192
1.507959
1.394726
1.405717
1.470330
1.426549
1.415633
1.403902
1.405377
1.371797
1.412594
1.414539
1.391941
1.409463
1.420916
1.383384
1.358019
1.395907
1.393824
1.385260
1.413976
1.416806
1.439532
1.462807
1.384483
1.404981
1.397825
1.436692
1.418879
1.372732
1.357189
1.418047
1.468128
1.520597
1.477479
1.435450
1.426199
1.444655
1.429164
1.428845
1.378716
1.364950
1.360085
1.410701
1.390552
1.325602
1.333285
1.326644
1.356009
1.398560
1.385459
1.376597
1.356822
1.342158
1.379533
1.396278
1.433151
1.513163
1.463214
1.443288
1.418753
1.382364
1.375067
1.369566
1.406763
1.436511
1.485545
1.519267
1.529137
1.495994
1.391306
1.362612
1.420697
1.456083
1.404652
1.430009
1.345402
1.325380
1.360678
1.365947
1.427531
1.510631
1.553762
1.547130
1.543503
1.521918
1.545097
1.481063
1.459757
1.396265
1.430159
1.411700
1.430916
1.480280
1.443081
1.410248
1.385673
1.362244
1.367290
1.435600
1.492531
1.537933
1.574141
1.579466
1.594497
1.558234
1.533310
1.579442
1.506418
1.508763
1.502102
1.497676
1.534837
1.526542
1.496513
1.467356
1.454582
1.495878
1.502738
1.453257
1.428381
1.448756
1.466920
1.526018
1.504998
1.471626
1.489566
1.438936
1.351124
1.339212
1.369191
1.475692
1.497454
1.505481
1.506150
1.487162
1.420292
1.390250
1.346604
1.375607
1.478303
1.424906
1.406344
1.415817
1.496029
1.476306
1.459611
1.460007
1.430787
1.435085
1.434462
1.462243
1.501786
1.518761
1.495416
1.502910
1.499855
1.469993
1.423991
1.357129
1.311769
1.359192
1.422338
1.489643
1.532811
1.513147
1.478123
1.393238
1.355570
1.386000
1.361375
1.378480
1.397158
1.492387
1.549566
1.533062
1.433136
1.445936
1.510555
1.538701
1.581816
1.533354
1.611839
1.584829
1.651306
1.623213
1.549396
1.544522
1.562929
1.525849
1.562179
1.624032
1.513187
1.490274
1.494474
1.477704
1.522695
1.565968
1.511864
1.458776
1.434074
1.415971
1.501712
1.537024
1.497931
1.521725
1.536640
1.495912
1.528964
1.506494
1.505407
1.530115
1.544934
1.540390
1.492872
1.538048
1.516672
1.488284
1.447758
1.363033
1.324825
1.347041
1.382192
1.400113
1.432194
1.490029
1.526688
1.559161
1.524038
1.533715
1.486869
1.395689
1.404810
1.382976
1.395944
1.416720
1.439240
1.428751
1.354925
1.350351
1.297956
1.253789
1.342056
1.391530
1.423208
1.452423
1.470430
1.458865
1.477313
1.464238
1.440859
1.442207
1.397587
1.394884
1.386325
1.380214
1.308782
1.292630
1.167746
1.176490
1.228515
1.293160
1.319727
1.392718
1.469158
1.497803
1.476655
1.512273
1.486998
1.478400
1.476027
1.353756
1.323734
1.382979
1.399266
1.431332
1.376100
1.411116
1.413970
1.479405
1.412524
1.339235
1.280282
1.310089
1.329805
1.330202
1.348109
1.304300
1.305379
1.321643
1.382735
1.356551
1.319821
1.350505
1.367150
1.344685
1.305633
1.355104
1.425502
1.396623
1.357325
1.338245
1.364994
1.463493
1.463366
1.408853
1.389034
1.402682
1.368236
1.348849
1.417312
1.464504
1.428889
1.426866
1.413167
1.448910
1.453634
1.461934
1.443731
1.447505
1.500984
1.475872
1.487484
1.442145
1.453309
1.414070
1.393245
1.421910
1.431400
1.437200
1.406393
1.419548
1.345947
1.331024
1.329311
1.334593
1.336264
1.381546
1.419896
1.443635
1.422480
1.414821
1.433390
1.359570
1.326595
1.329944
1.349645
1.360837
1.352159
1.321334
1.275443
1.262809
1.333157
1.401300
1.462716
1.455842
1.447227
