0.000000
-3.053342
2.820858
-2.293372
0.209896
0.588417
0.920733
1.046013
1.187411
1.929409
2.158135
1.984362
1.964478
2.387412
2.130807
2.127492
1.875079
1.816590
1.576895
1.554776
1.453067
1.483841
1.463082
1.501759
1.593760
1.823169
1.655549
1.701038
1.605247
1.572790
1.655601
1.680768
1.800864
1.767061
1.700342
1.654812
1.501020
1.516722
1.508483
1.521655
1.725699
1.761761
1.870892
1.940670
1.951949
1.952796
1.933046
1.824536
1.702014
1.642351
1.677943
1.646698
1.665781
1.726246
1.715595
1.610445
1.611521
1.686446
1.629093
1.589029
1.525665
1.616196
1.612827
1.697333
1.666138
1.635097
1.728274
1.647764
1.644208
1.585973
1.582791
1.601369
1.698543
1.556564
1.609277
1.506313
1.423712
1.453182
1.436956
1.416442
1.517307
1.486884
1.569264
1.453610
1.371819
1.394346
1.433403
1.509479
1.559726
1.541662
1.642344
1.651621
1.630634
1.625312
1.640924
1.662910
1.630449
1.658020
1.592105
1.507137
1.424558
1.413330
1.458815
1.425510
1.453151
1.463117
1.488450
1.512728
1.582282
1.549188
1.571770
1.530493
1.606963
1.706871
1.704149
1.638636
1.559461
1.597544
1.649031
1.681052
1.590143
1.519977
1.521439
1.517465
1.370495
1.451489
1.393149
1.394044
1.420685
1.393010
1.494917
1.485770
1.430596
1.493264
1.527456
1.498177
1.461639
1.431170
1.520951
1.523583
1.412209
1.462974
1.461223
1.513636
1.421345
1.365784
1.408321
1.480368
1.436081
1.413767
1.441017
1.506799
1.571364
1.605434
1.688098
1.611171
1.598732
1.566430
1.576107
1.599887
1.614772
1.592712
1.627637
1.691323
1.680675
1.601537
1.649604
1.711145
1.684175
1.677072
1.614258
1.587056
1.570121
1.549052
1.530116
1.500864
1.632841
1.542712
1.558176
1.596859
1.648530
1.657495
1.688002
1.671142
1.658474
1.652057
1.649956
1.566629
1.535301
1.505994
1.431183
1.433507
1.525450
1.573054
1.572404
1.461957
1.423436
1.376200
1.418392
1.341122
1.326499
1.366338
1.477530
1.492616
1.507486
1.505140
1.514266
1.553635
1.557197
1.575462
1.475687
1.449139
1.451817
1.474537
1.563953
1.595251
1.576691
1.584185
1.522826
1.619855
1.575917
1.566016
1.514159
1.483892
1.478400
1.516429
1.559964
1.546847
1.582035
1.594595
1.541746
1.578455
1.557718
1.512336
1.492629
1.491766
1.498661
1.519813
1.504377
1.519432
1.519341
1.562143
1.600259
1.545159
1.534890
1.584726
1.617555
1.617320
1.588695
1.613391
1.565893
1.546977
1.513559
1.479751
1.454087
1.468815
1.466422
1.486920
1.563967
1.519311
1.526779
1.611385
1.622588
1.499949
1.484814
1.495815
1.462105
1.539953
1.592361
1.627963
1.554567
1.529541
1.530692
1.545503
1.482824
1.481290
1.494071
1.480033
1.468759
1.502589
1.497899
1.550581
1.582561
1.607465
1.547069
1.599345
1.654490
1.636063
1.590762
1.628169
1.583052
1.582324
1.558012
1.454981
1.500625
1.602899
1.630616
1.654504
1.682272
1.749219
1.688919
1.674161
1.619729
1.686023
1.691646
1.625791
1.606246
1.642309
1.649410
1.619948
1.558257
1.615304
1.632823
1.625303
1.596309
1.599687
1.589119
1.561669
1.566197
1.508421
1.491015
1.481994
1.534811
1.540907
1.615334
1.610216
1.602250
1.598862
1.592019
1.601183
1.540453
1.539797
1.619887
1.553983
1.529566
1.479904
1.500412
1.481654
1.486922
1.500200
1.570228
1.570250
1.588478
1.616001
1.630219
1.588523
1.539619
1.519936
1.546614
1.527577
1.585959
1.596389
1.583284
1.557884
1.559191
1.571546
1.517759
1.533744
1.535624
1.485722
1.459496
1.560662
1.593223
1.618384
1.614433
1.551331
1.527519
1.539422
1.509134
1.514174
1.579936
1.617189
1.549679
1.502081
1.509163
1.499653
1.521287
1.636558
1.592937
1.588451
1.592629
1.588627
1.661056
1.660005
1.676791
1.799330
1.739999
1.744750
1.718766
1.667253
1.637961
1.645242
1.605446
1.643925
1.679594
1.701738
1.685822
1.671149
1.653409
1.640761
1.617309
1.624794
1.625065
1.593641
1.587129
1.615671
1.732816
1.779316
1.708135
1.727668
1.677689
1.677655
1.660862
1.647691
1.587138
1.547630
1.492696
1.527533
1.529505
1.544005
1.538383
1.545098
1.545169
1.544813
1.574613
1.613541
1.624572
1.638282
1.658317
1.623332
1.571347
1.611445
1.586338
1.565986
1.589280
1.605080
1.519332
1.448913
1.442410
1.488757
1.543350
1.568035
1.586150
1.582086
1.571070
1.557008
1.511581
1.427090
1.440996
1.508614
1.531113
1.496671
1.488148
1.483329
1.570738
1.612906
1.650879
1.598291
1.603189
1.549051
1.565333
1.587946
1.631644
1.648589
1.572137
1.601903
1.597136
1.613248
1.552500
1.580210
1.586079
1.543413
1.522915
1.553804
1.554474
1.594330
1.532977
1.499615
1.465988
1.496718
1.478211
1.497123
1.541066
1.566015
1.617806
1.566311
1.544031
1.582099
1.624015
1.586805
1.573478
1.588127
1.630060
1.605041
1.594940
1.620791
1.641154
1.581669
1.554211
1.601315
1.631846
1.631973
1.630928
1.636412
1.579068
1.559602
1.584143
1.577889
1.529454
1.530422
1.485375
1.446286
1.431798
1.465402
1.571778
1.633572
1.661130
1.703622
1.688649
1.720793
1.716499
1.608300
1.648094
1.596322
1.661542
1.713163
1.698305
1.665332
1.647928
1.536333
1.568154
1.586758
1.556750
1.571155
1.566319
1.550670
1.550616
1.521368
1.559513
1.564979
1.502168
1.470146
1.513428
1.545062
1.557274
1.491690
1.508597
1.456309
1.465325
1.446489
1.425161
1.514255
1.563419
1.619382
1.550761
1.545446
1.510369
1.546407
1.506972
1.478702
1.541873
1.524070
1.583136
1.598728
1.586322
1.560037
1.520369
1.556271
1.557602
1.526967
1.554440
1.599027
1.623002
1.609880
1.596798
1.524234
1.517487
1.531762
1.581820
1.599700
1.559678
1.537750
1.529352
1.513872
1.446632
1.488295
1.531027
1.484626
1.500586
1.520995
1.538492
1.530542
1.524404
1.538404
1.478999
1.427314
1.488604
1.426330
1.466130
1.493100
1.537277
1.539765
1.596099
1.581022
1.573284
1.578414
1.575667
1.591012
1.641053
1.639058
1.665492
1.650283
1.670881
1.582465
1.569295
1.560523
1.485885
1.489571
1.493111
1.519056
1.514066
1.476813
1.488132
1.458879
1.507523
1.513810
1.533965
1.496584
1.551055
1.630185
1.638723
1.685801
1.687357
1.710987
1.652953
1.555250
1.500561
1.515211
1.601954
1.606834
1.572492
1.529593
1.541751
1.501432
1.504668
1.477904
1.438773
1.508369
1.528440
1.517080
1.512970
1.515527
1.507962
1.545912
1.551051
1.490773
1.454986
1.543889
1.511862
1.577678
1.579534
1.603302
1.613348
1.681079
1.651015
1.637244
1.549613
1.505312
1.504372
1.525989
1.561636
1.585620
1.634692
1.629663
1.626373
1.622687
1.592961
1.606687
1.617321
1.671692
1.746231
1.785666
1.741122
1.684917
1.618432
1.572297
1.569982
1.614512
1.630428
1.646108
1.643449
1.643017
1.648159
1.611640
1.572744
1.575339
1.575600
1.555566
1.577378
1.544410
1.528919
1.599070
1.585138
1.643577
1.694209
1.652615
1.619239
1.615469
1.643041
1.621396
1.652746
1.634685
1.688935
1.690702
1.629648
1.631125
1.585032
1.572857
1.607444
1.582071
1.528303
1.440687
1.411271
1.486196
1.559192
1.591005
1.596519
1.626377
1.570622
1.534189
1.538189
1.538437
1.506627
1.479290
1.489016
1.539697
1.568268
1.549235
1.507472
1.468607
1.483645
1.564200
1.559111
1.600938
1.554997
1.605307
1.609851
1.592013
1.583246
1.539312
1.540244
1.561417
1.522679
1.519053
1.483312
1.511145
1.537994
1.588845
1.543586
1.573211
1.553350
1.522012
1.424994
1.488993
1.505162
1.512255
1.522560
1.544597
1.584789
1.594103
1.628444
1.598213
1.519573
1.542393
1.532245
1.453718
1.474127
1.504294
1.633415
1.641149
1.630754
1.650305
1.591973
1.557534
1.560788
1.575828
1.596440
1.555577
1.457485
1.436959
1.486875
1.478180
1.515159
1.587627
1.551153
1.654215
1.655427
1.626417
1.555775
1.517575
1.540703
1.590502
1.564410
1.519188
1.516519
1.521844
1.533376
1.487982
1.453879
1.433020
1.466948
1.517963
1.517739
1.404607
1.444010
1.515769
1.540590
1.520084
1.579025
1.630812
1.615590
1.573849
1.569790
1.592908
1.560418
1.564341
1.600181
1.696836
1.697960
1.708260
1.620235
1.624883
1.624384
1.583637
1.597180
1.635371
1.635653
1.671397
1.634830
1.657781
1.656378
1.636546
1.704397
1.707655
1.713606
1.696490
1.625303
1.546025
1.558055
1.594682
1.589592
1.627757
1.563030
1.580742
1.575636
1.622299
1.590869
1.555917
1.586688
1.513313
1.512795
1.514008
1.605322
1.591766
1.618987
1.580359
1.590325
1.546332
1.543845
1.626525
1.620322
1.657380
1.643076
1.660963
1.693799
1.649631
1.610133
1.528960
1.504039
1.553377
1.625693
1.650582
1.651410
1.625084
1.560348
1.538216
1.554398
1.572908
1.584670
1.546032
1.581646
1.651569
1.727486
1.714454
1.657800
1.613469
1.574527
1.620942
1.670509
1.621058
1.632206
1.672008
1.638474
1.571747
1.645610
1.637051
1.631429
1.622354
1.608977
1.650359
1.639728
1.668530
1.651566
1.598302
1.558907
1.576227
1.631138
1.633069
1.628181
1.696024
1.646102
1.626360
1.632216
1.650359
1.605374
1.671437
1.685304
1.674036
1.716929
1.653757
1.614740
1.628650
1.608897
1.614638
1.589677
1.594396
1.580200
1.558716
1.563440
1.585332
1.621881
1.633279
1.673112
1.672388
1.673637
1.635439
1.548842
1.536434
1.529724
1.495572
1.454309
1.561628
1.610348
1.571099
1.599619
1.584433
1.554309
1.539964
1.536351
1.527267
1.522195
1.547088
1.587359
1.605707
1.577570
1.547446
1.523316
1.545949
1.532204
1.548218
1.511216
1.501477
1.541549
1.599378
1.569225
1.524085
1.505624
1.432275
1.444542
1.508913
1.483581
1.528314
1.620777
1.643883
1.638029
1.614840
1.645926
1.663674
1.637714
1.563432
1.564713
1.540368
1.485699
1.521865
1.584668
1.617161
1.703080
1.697493
1.710339
1.623569
1.672069
