210.9100377839999396201164927333593368530273437500000000000000000000
241.1710168979999480143305845558643341064453125000000000000000000000
167.5962646560000166573445312678813934326171875000000000000000000000
155.4549158879999595228582620620727539062500000000000000000000000000
155.2139634180000768992613302543759346008300781250000000000000000000
155.8281887400000300658575724810361862182617187500000000000000000000
156.1363253399999848625157028436660766601562500000000000000000000000
154.5949862939999945865565678104758262634277343750000000000000000000
155.0799331560000098306772997602820396423339843750000000000000000000
155.5613214660000096500880317762494087219238281250000000000000000000
154.7270250839999903291754890233278274536132812500000000000000000000
156.1696674060000020745064830407500267028808593750000000000000000000
154.7734752659999912793864496052265167236328125000000000000000000000
155.8097240280000050915987230837345123291015625000000000000000000000
156.3656128020000153355795191600918769836425781250000000000000000000
155.0928612000000157422618940472602844238281250000000000000000000000
155.2428701879999835000489838421344757080078125000000000000000000000
156.0136949040000899913138709962368011474609375000000000000000000000
156.3802116479999710918491473421454429626464843750000000000000000000
155.7919760159999498227989533916115760803222656250000000000000000000
156.7837237319999985629692673683166503906250000000000000000000000000
156.0313386179999781688820803537964820861816406250000000000000000000
156.3967499040000177501497091725468635559082031250000000000000000000
155.8242019140000138577306643128395080566406250000000000000000000000
156.3904315919999987727351253852248191833496093750000000000000000000
155.6763955559999885736033320426940917968750000000000000000000000000
155.3302742400000511224789079278707504272460937500000000000000000000
156.3584417760000349062465829774737358093261718750000000000000000000
155.7948833160000106090592453256249427795410156250000000000000000000
156.3532699980000018058490240946412086486816406250000000000000000000
155.6551805279999882714037084951996803283691406250000000000000000000
156.4352311140000608702393947169184684753417968750000000000000000000
155.6229564119999224658386083319783210754394531250000000000000000000
156.2037660240000036537821870297193527221679687500000000000000000000
155.7863516459999857488583074882626533508300781250000000000000000000
155.7528457679999860374664422124624252319335937500000000000000000000
156.5544303960000149800180224701762199401855468750000000000000000000
156.1505198100000200156500795856118202209472656250000000000000000000
155.7689040780000198083143914118409156799316406250000000000000000000
155.6895337560000598386977799236774444580078125000000000000000000000
156.5819286060000194993335753679275512695312500000000000000000000000
155.4297037139999702048953622579574584960937500000000000000000000000
156.2373720300000172755972016602754592895507812500000000000000000000
155.0039096460000109800603240728378295898437500000000000000000000000
157.2846994740000070578389568254351615905761718750000000000000000000
156.2892149520000373286165995523333549499511718750000000000000000000
157.2495105960000216782646020874381065368652343750000000000000000000
155.2383986760000027516070986166596412658691406250000000000000000000
155.7310124219999920569534879177808761596679687500000000000000000000
155.6388707940000131202396005392074584960937500000000000000000000000
155.2659925319999842940887901932001113891601562500000000000000000000
155.8049789819999091378122102469205856323242187500000000000000000000
156.3274983179999821913952473551034927368164062500000000000000000000
155.6514288179999425665300805121660232543945312500000000000000000000
155.1178299599999945712625049054622650146484375000000000000000000000
155.5934839560000852998200571164488792419433593750000000000000000000
156.0637192439999694215657655149698257446289062500000000000000000000
155.5620563160000529023818671703338623046875000000000000000000000000
155.5902441240000086963846115395426750183105468750000000000000000000
155.9077779780000696518982294946908950805664062500000000000000000000
155.3068064880000633820600342005491256713867187500000000000000000000
157.6578505919999599882430629804730415344238281250000000000000000000
156.4190234339999960866407491266727447509765625000000000000000000000
155.2253246340000316649820888414978981018066406250000000000000000000
155.0014096020000238240754697471857070922851562500000000000000000000
154.8095000459999539543787250295281410217285156250000000000000000000
157.8282512759999747231631772592663764953613281250000000000000000000
154.9598517839999942680151434615254402160644531250000000000000000000
155.3339372099999309284612536430358886718750000000000000000000000000
154.5530364420000921654718695208430290222167968750000000000000000000
154.7683802340001193442731164395809173583984375000000000000000000000
154.8452479260000131944252643734216690063476562500000000000000000000
155.4933380339999473562784260138869285583496093750000000000000000000
154.2482668140000896528363227844238281250000000000000000000000000000
154.9273863839999876290676183998584747314453125000000000000000000000
155.1427144319999911203922238200902938842773437500000000000000000000
154.8749208180000209722493309527635574340820312500000000000000000000
156.0767719679999459003738593310117721557617187500000000000000000000
155.1655070399999374330946011468768119812011718750000000000000000000
154.7504800799999884475255385041236877441406250000000000000000000000
154.5946762740000224312097998335957527160644531250000000000000000000
154.8487608899999941058922559022903442382812500000000000000000000000
154.8896797799999944800219964236021041870117187500000000000000000000
154.8670346999999765102984383702278137207031250000000000000000000000
154.9208934359999716434685979038476943969726562500000000000000000000
154.5046798740000610905553912743926048278808593750000000000000000000
155.0595142140000177732872543856501579284667968750000000000000000000
154.9538065740000263303954852744936943054199218750000000000000000000
155.0074093019999565967736998572945594787597656250000000000000000000
154.8937547879999954147933749482035636901855468750000000000000000000
154.7284114679999902364215813577175140380859375000000000000000000000
154.4663474760000383412261726334691047668457031250000000000000000000
155.1441605580000668851425871253013610839843750000000000000000000000
155.3282503080001220041594933718442916870117187500000000000000000000
154.4800454399999409815791295841336250305175781250000000000000000000
154.9017633540000815628445707261562347412109375000000000000000000000
155.3075188020000041433377191424369812011718750000000000000000000000
155.0761648199999456210207426920533180236816406250000000000000000000
154.0438921859999936714302748441696166992187500000000000000000000000
154.6658630039999593464017380028963088989257812500000000000000000000
