393.6367453200001591540058143436908721923828125000000000000000000000
386.4661960200000407894549425691366195678710937500000000000000000000
402.8955593400000907422509044408798217773437500000000000000000000000
404.5060155599995255215617362409830093383789062500000000000000000000
387.4602758399993831517349462956190109252929687500000000000000000000
389.4622100400004001130582764744758605957031250000000000000000000000
390.2656545599998025863897055387496948242187500000000000000000000000
403.3764349800003401469439268112182617187500000000000000000000000000
392.7767567400000530142278876155614852905273437500000000000000000000
395.3698212600003785155422519892454147338867187500000000000000000000
393.1862957400001619134854990988969802856445312500000000000000000000
396.1602096000003143672074656933546066284179687500000000000000000000
406.7295644400001606300065759569406509399414062500000000000000000000
400.2970607400004610099131241440773010253906250000000000000000000000
399.8277334799997788650216534733772277832031250000000000000000000000
396.4610310000000481522874906659126281738281250000000000000000000000
393.0449056800003404532617423683404922485351562500000000000000000000
395.8716549599997165387321729212999343872070312500000000000000000000
403.5806121599998164128919597715139389038085937500000000000000000000
403.7962731600001689002965576946735382080078125000000000000000000000
399.5277656399998704728204756975173950195312500000000000000000000000
398.5654618800001003364741336554288864135742187500000000000000000000
394.3335910800002466203295625746250152587890625000000000000000000000
397.5407981400007315642142202705144882202148437500000000000000000000
402.8537531400001512338349130004644393920898437500000000000000000000
401.4994521600002599370782263576984405517578125000000000000000000000
390.6929228400002784837852232158184051513671875000000000000000000000
397.3086935999996853752236347645521163940429687500000000000000000000
399.6418195799998898110061418265104293823242187500000000000000000000
395.8313583000003177403414156287908554077148437500000000000000000000
403.0306963799998243302979972213506698608398437500000000000000000000
397.4513464199999361881054937839508056640625000000000000000000000000
400.6429544399998690096253994852304458618164062500000000000000000000
393.9661483200002862758992705494165420532226562500000000000000000000
390.6846965400000613044539932161569595336914062500000000000000000000
392.1527761799999325376120395958423614501953125000000000000000000000
392.3435579999998594757926184684038162231445312500000000000000000000
389.1446537999999577550624962896108627319335937500000000000000000000
396.4494856799996114204986952245235443115234375000000000000000000000
389.7215417400000205816468223929405212402343750000000000000000000000
387.0563545800000611052382737398147583007812500000000000000000000000
396.7596053399998936583870090544223785400390625000000000000000000000
396.8826876599994193384191021323204040527343750000000000000000000000
378.7867703399992365120851900428533554077148437500000000000000000000
395.0954790600000592348806094378232955932617187500000000000000000000
414.2295626400004948663990944623947143554687500000000000000000000000
407.8232036999997376369719859212636947631835937500000000000000000000
395.9954697599998780788155272603034973144531250000000000000000000000
425.4190346399998929882713127881288528442382812500000000000000000000
402.7774859999998966486600693315267562866210937500000000000000000000
418.5500646000000415369868278503417968750000000000000000000000000000
385.1662147800002458097878843545913696289062500000000000000000000000
412.6171248600003309547901153564453125000000000000000000000000000000
435.3073370999999838204530533403158187866210937500000000000000000000
412.2343255200005955884989816695451736450195312500000000000000000000
384.1763257800001269970380235463380813598632812500000000000000000000
388.4717811000001574939233250916004180908203125000000000000000000000
413.4769496400002708469401113688945770263671875000000000000000000000
388.2943597200002727731771301478147506713867187500000000000000000000
400.5278298600001107843127101659774780273437500000000000000000000000
386.3478132599992704854230396449565887451171875000000000000000000000
400.5491332799991255342320073395967483520507812500000000000000000000
387.5464690200002451092586852610111236572265625000000000000000000000
400.9343017800003394768282305449247360229492187500000000000000000000
400.0772847000004617257218342274427413940429687500000000000000000000
390.0338304000002835891791619360446929931640625000000000000000000000
397.5595792199999891636252868920564651489257812500000000000000000000
378.7667869200003565310908015817403793334960937500000000000000000000
379.3222764599996708057005889713764190673828125000000000000000000000
396.0310692000002177337592002004384994506835937500000000000000000000
393.0330175200007261082646436989307403564453125000000000000000000000
395.8715596200004824822826776653528213500976562500000000000000000000
396.7533073799994554065051488578319549560546875000000000000000000000
388.7502215399999272449349518865346908569335937500000000000000000000
391.0721417999999403036781586706638336181640625000000000000000000000
401.1326974800001039511698763817548751831054687500000000000000000000
384.6566066999999407016730401664972305297851562500000000000000000000
403.6420424399993862607516348361968994140625000000000000000000000000
388.9850864399998613407660741358995437622070312500000000000000000000
388.0894747200001120290835388004779815673828125000000000000000000000
400.0208886600000255384657066315412521362304687500000000000000000000
431.1736436399998524393595289438962936401367187500000000000000000000
413.1395746800008055288344621658325195312500000000000000000000000000
407.4345046200002116165705956518650054931640625000000000000000000000
406.8821054400002594775287434458732604980468750000000000000000000000
413.8551676199999747041147202253341674804687500000000000000000000000
415.4459252999999989697244018316268920898437500000000000000000000000
388.6319080200003099889727309346199035644531250000000000000000000000
423.4777122599997483121114782989025115966796875000000000000000000000
400.3657541399994670427986420691013336181640625000000000000000000000
391.8152904000003218243364244699478149414062500000000000000000000000
402.7477926000000252315658144652843475341796875000000000000000000000
393.6290833800001109921140596270561218261718750000000000000000000000
384.9267158999996354395989328622817993164062500000000000000000000000
393.3724552200003472535172477364540100097656250000000000000000000000
402.4222815000006221453077159821987152099609375000000000000000000000
386.5738057199998820578912273049354553222656250000000000000000000000
402.7540437000005795198376290500164031982421875000000000000000000000
387.6031166400000529392855241894721984863281250000000000000000000000
400.9646410799994100671028718352317810058593750000000000000000000000
