108.2449692779999850245076231658458709716796875000000000000000000000
103.0728930840000003854584065265953540802001953125000000000000000000
103.3968648419999851739703444764018058776855468750000000000000000000
101.5714242839999883472046349197626113891601562500000000000000000000
101.1834307979999749704802525229752063751220703125000000000000000000
102.3231830639999913046267465688288211822509765625000000000000000000
100.9499834519999694748548790812492370605468750000000000000000000000
101.7567156419999747640758869238197803497314453125000000000000000000
101.3930285219999802848178660497069358825683593750000000000000000000
101.3588497320000385570892831310629844665527343750000000000000000000
101.3862810299999637209111824631690979003906250000000000000000000000
101.2789846979999737186517450027167797088623046875000000000000000000
101.3082771900000267351060756482183933258056640625000000000000000000
101.4196117320000496420107083395123481750488281250000000000000000000
101.1348370320000498168155900202691555023193359375000000000000000000
101.3446178640000567838796996511518955230712890625000000000000000000
101.3461134540000045944907469674944877624511718750000000000000000000
101.9867473619999600487062707543373107910156250000000000000000000000
101.4721252320000246527342824265360832214355468750000000000000000000
101.2214586960000133331050164997577667236328125000000000000000000000
100.9598192520000168315164046362042427062988281250000000000000000000
101.3651301120000312039337586611509323120117187500000000000000000000
104.9759449499999846011633053421974182128906250000000000000000000000
108.3442439399999557281262241303920745849609375000000000000000000000
102.8291260139999963030277285724878311157226562500000000000000000000
101.5413927119999897286106715910136699676513671875000000000000000000
101.3257188059999549523126916028559207916259765625000000000000000000
101.1177706679999914740619715303182601928710937500000000000000000000
100.9160450640000306066212942823767662048339843750000000000000000000
101.3025412080000364767329301685094833374023437500000000000000000000
101.0712632399999506560561712831258773803710937500000000000000000000
100.8996966659999685589355067349970340728759765625000000000000000000
101.3853277019999552521767327561974525451660156250000000000000000000
101.1133897680000188756821444258093833923339843750000000000000000000
101.1133495559999744273227406665682792663574218750000000000000000000
101.3360530560000256627972703427076339721679687500000000000000000000
101.2289233019999414864287246018648147583007812500000000000000000000
101.3887888259999385809351224452257156372070312500000000000000000000
101.3937116280000054757692851126194000244140625000000000000000000000
101.1892694340000389274791814386844635009765625000000000000000000000
101.3451798359999997956037987023591995239257812500000000000000000000
101.3437391580000195290267583914101123809814453125000000000000000000
101.3180759039999827564315637573599815368652343750000000000000000000
101.3518752000000091584297479130327701568603515625000000000000000000
101.1895771199999813916292623616755008697509765625000000000000000000
101.2468680599999828473301022313535213470458984375000000000000000000
101.8812457980000090174144133925437927246093750000000000000000000000
102.8841661980000026233028620481491088867187500000000000000000000000
101.5497194639999918308603810146450996398925781250000000000000000000
101.2897664280000071812537498772144317626953125000000000000000000000
100.3499806140000032428361009806394577026367187500000000000000000000
100.3478316119999931288475636392831802368164062500000000000000000000
100.6328676480000012816162779927253723144531250000000000000000000000
100.7972725079999918307294137775897979736328125000000000000000000000
100.5392787719999887485755607485771179199218750000000000000000000000
103.4447590740000038067591958679258823394775390625000000000000000000
101.1886730940000234113540500402450561523437500000000000000000000000
100.6659041999999715244484832510352134704589843750000000000000000000
100.9157257140000041317762224934995174407958984375000000000000000000
100.5499405200000211380029213614761829376220703125000000000000000000
100.5654944700000328339228872209787368774414062500000000000000000000
100.4399798520000075541247497312724590301513671875000000000000000000
100.3944559319999427771108457818627357482910156250000000000000000000
100.5679787639999460679973708465695381164550781250000000000000000000
101.2913469599999984893656801432371139526367187500000000000000000000
101.1910228380000376091629732400178909301757812500000000000000000000
101.1839184059999894316206336952745914459228515625000000000000000000
101.1223705079999746203611721284687519073486328125000000000000000000
101.1626401019999832442408660426735877990722656250000000000000000000
101.6658678300000246963463723659515380859375000000000000000000000000
101.0589284400000167352118296548724174499511718750000000000000000000
101.1056634599999881629628362134099006652832031250000000000000000000
101.1892742699999985234171617776155471801757812500000000000000000000
101.0431440000000122836354421451687812805175781250000000000000000000
100.9506179579999809448054293170571327209472656250000000000000000000
101.1362786279999994576428434811532497406005859375000000000000000000
100.8259561619999686854498577304184436798095703125000000000000000000
100.8018237360000028957074391655623912811279296875000000000000000000
100.7255895479999594499531667679548263549804687500000000000000000000
100.8522087839999983316374709829688072204589843750000000000000000000
100.7998555200000225795520236715674400329589843750000000000000000000
101.0970997199999601434683427214622497558593750000000000000000000000
101.1037331639999337085100705735385417938232421875000000000000000000
101.0189765400000396766699850559234619140625000000000000000000000000
100.9750887240000025713015929795801639556884765625000000000000000000
100.8828233699999969985583447851240634918212890625000000000000000000
100.9984588680000001659209374338388442993164062500000000000000000000
100.9243441440000310649338643997907638549804687500000000000000000000
101.4210876059999861809046706184744834899902343750000000000000000000
101.0672020080000237385320360772311687469482421875000000000000000000
100.9615785480000340612605214118957519531250000000000000000000000000
100.9897877880000010009098332375288009643554687500000000000000000000
100.9533349559999635403073625639081001281738281250000000000000000000
100.9020510359999889260507188737392425537109375000000000000000000000
101.1609654539999780809012008830904960632324218750000000000000000000
101.5176495660000028919967007823288440704345703125000000000000000000
101.1587398980000500614551128819584846496582031250000000000000000000
101.1627462480000332334384438581764698028564453125000000000000000000
100.9693294380000025967092369683086872100830078125000000000000000000
101.0153227799999768876659800298511981964111328125000000000000000000
