0.0485981599255144100513170712929422734305262565612792968750000000
2.3469441198844886997676439932547509670257568359375000000000000000
7.3031743328729170627866551512852311134338378906250000000000000000
8.3728372668912243170780129730701446533203125000000000000000000000
6.0018313737340012181675774627365171909332275390625000000000000000
8.6404051388829596902496632537804543972015380859375000000000000000
8.7499997148207793173924073926173150539398193359375000000000000000
10.3945286354483013013805248192511498928070068359375000000000000000
9.9857642876744865390037375618703663349151611328125000000000000000
9.2947949593918348654142391751520335674285888671875000000000000000
10.2318385277435268676526902709156274795532226562500000000000000000
12.4548108521507732149302682955749332904815673828125000000000000000
10.3541488164317865283692299271933734416961669921875000000000000000
10.5048987192778415789007340208627283573150634765625000000000000000
12.5918298483411987831459555309265851974487304687500000000000000000
12.0802315347252626764884553267620503902435302734375000000000000000
12.2115663390925508480222561047412455081939697265625000000000000000
13.1670697893085755225683897151611745357513427734375000000000000000
12.5222824430457695399354633991606533527374267578125000000000000000
12.8856564939367448374696323298849165439605712890625000000000000000
14.2030544564202791946172510506585240364074707031250000000000000000
13.2123046380584678871628057095222175121307373046875000000000000000
13.4051900234099363729001197498291730880737304687500000000000000000
14.8259334790972161499666981399059295654296875000000000000000000000
13.8604807410168771042435764684341847896575927734375000000000000000
13.7111715280057016030923477956093847751617431640625000000000000000
15.2859582929015385133197924005798995494842529296875000000000000000
14.1796849151880088868438178906217217445373535156250000000000000000
14.4103103668771996836994730983860790729522705078125000000000000000
15.7146133149980062881923004169948399066925048828125000000000000000
14.4269281287139552460985214565880596637725830078125000000000000000
14.5850734084363171660925218020565807819366455078125000000000000000
16.0199767090432239058372942963615059852600097656250000000000000000
15.4388414167671843557627653353847563266754150390625000000000000000
14.5828711926547445187907214858569204807281494140625000000000000000
16.8799470625620884334239235613495111465454101562500000000000000000
15.3361949024262731455792163615114986896514892578125000000000000000
15.3463076204246231526440169545821845531463623046875000000000000000
16.7491419269096653010819863993674516677856445312500000000000000000
15.6231186333775209362784153199754655361175537109375000000000000000
15.3066003919798934163054582313634455204010009765625000000000000000
16.8670523791323319073853781446814537048339843750000000000000000000
15.9968449173389188899818691425025463104248046875000000000000000000
15.7119098926506275404335610801354050636291503906250000000000000000
16.9794848180437512041862646583467721939086914062500000000000000000
16.1217749243746837350954592693597078323364257812500000000000000000
16.1257617039464733466047619003802537918090820312500000000000000000
17.8313583924746552611395600251853466033935546875000000000000000000
16.3995831662033033637726475717499852180480957031250000000000000000
16.5510153911534949600081745302304625511169433593750000000000000000
17.4790661803358773340733023360371589660644531250000000000000000000
16.4838653015741947172045911429449915885925292968750000000000000000
16.5743223876429333074611349729821085929870605468750000000000000000
18.2100603960812144066494511207565665245056152343750000000000000000
16.6073573535030156733682815684005618095397949218750000000000000000
16.6737058790551806453095196047797799110412597656250000000000000000
18.4803513285351677097878564381971955299377441406250000000000000000
16.8044272973971260398684535175561904907226562500000000000000000000
16.9132134691968296635877777589485049247741699218750000000000000000
18.2447732328699778747704840498045086860656738281250000000000000000
17.1338257333148256122967723058536648750305175781250000000000000000
16.6697834982964536720828618854284286499023437500000000000000000000
18.5035025767931315954228921327739953994750976562500000000000000000
17.0496939467318746608270885189995169639587402343750000000000000000
16.8357689142642783508563297800719738006591796875000000000000000000
18.4205821591585348073749628383666276931762695312500000000000000000
17.1430936108561837727393140085041522979736328125000000000000000000
16.8161817676864515647139342036098241806030273437500000000000000000
18.2432267391002582712644652929157018661499023437500000000000000000
17.6150604324055954919003852410241961479187011718750000000000000000
17.1624927844876218330227857222780585289001464843750000000000000000
18.2639806716375048267764213960617780685424804687500000000000000000
17.4580868726312026240066188620403409004211425781250000000000000000
17.1528539595704430098521697800606489181518554687500000000000000000
18.6246864984590807523545663570985198020935058593750000000000000000
18.0258549267712453456624643877148628234863281250000000000000000000
17.5373164150329294841412774985656142234802246093750000000000000000
18.4151858153160361553091206587851047515869140625000000000000000000
18.0801817687999992756431311136111617088317871093750000000000000000
17.6581190831739647251197311561554670333862304687500000000000000000
18.6527073343899871815665392205119132995605468750000000000000000000
18.5023956421511108771937870187684893608093261718750000000000000000
17.4756037708670959318624227307736873626708984375000000000000000000
18.7092320669677789624074648600071668624877929687500000000000000000
18.3448684329380107271845190552994608879089355468750000000000000000
17.6674721175529256811387313064187765121459960937500000000000000000
18.4462157138709414994082180783152580261230468750000000000000000000
19.1212294324944807044630579184740781784057617187500000000000000000
17.2052172495618016512253234395757317543029785156250000000000000000
18.6825581818705224179666402051225304603576660156250000000000000000
18.7859878735680858596879261313006281852722167968750000000000000000
17.4770380709155688236933201551437377929687500000000000000000000000
18.8253394981488284543047484476119279861450195312500000000000000000
18.8317720695063641755950811784714460372924804687500000000000000000
17.7377881546612385932348843198269605636596679687500000000000000000
19.0185949140626355813310510711744427680969238281250000000000000000
18.8139590599435919671122974250465631484985351562500000000000000000
17.5690659881194548574967484455555677413940429687500000000000000000
19.2645223600372403893743467051535844802856445312500000000000000000
19.0396821692442124174249329371377825736999511718750000000000000000
17.8056346651628700783476233482360839843750000000000000000000000000
19.1177016832765254150672262767329812049865722656250000000000000000
18.7690760180231563936104066669940948486328125000000000000000000000
18.4118439985342483566910232184454798698425292968750000000000000000
18.9717283071847582220925687579438090324401855468750000000000000000
19.0723518453693010599181434372439980506896972656250000000000000000
18.0352961586124145298981602536514401435852050781250000000000000000
19.0497193438976459844980126945301890373229980468750000000000000000
18.6905449822882872012996813282370567321777343750000000000000000000
18.3886087874823651588940265355631709098815917968750000000000000000
18.9856656309632612078530655708163976669311523437500000000000000000
19.0565461217459883869196346495300531387329101562500000000000000000
18.6085477208311935726214869646355509757995605468750000000000000000
18.5607589364836265133362758206203579902648925781250000000000000000
19.2258149125057613559874880593270063400268554687500000000000000000
18.3828331822838997311464481754228472709655761718750000000000000000
19.2006094689182837953467242186889052391052246093750000000000000000
18.8715154926906123478147492278367280960083007812500000000000000000
18.3304330811424129876741062616929411888122558593750000000000000000
19.1392031242513951383443782106041908264160156250000000000000000000
19.2226111556144196867990103783085942268371582031250000000000000000
18.3134706171354579851140442769974470138549804687500000000000000000
19.0895353592060104119809693656861782073974609375000000000000000000
19.0028003002963217227261338848620653152465820312500000000000000000
18.7676405718606424954941758187487721443176269531250000000000000000
18.7543643495253924413646018365398049354553222656250000000000000000
18.9016790806255485790643433574587106704711914062500000000000000000
18.5508579755281282075429771794006228446960449218750000000000000000
19.0979051126926542281125875888392329216003417968750000000000000000
18.8803329372274255604224890703335404396057128906250000000000000000
18.4071082918095036973227252019569277763366699218750000000000000000
18.9940835830532641637091728625819087028503417968750000000000000000
18.9289105546921518907765857875347137451171875000000000000000000000
18.5373511602746212645342893665656447410583496093750000000000000000
19.3267280825150891132579999975860118865966796875000000000000000000
18.7528337630997015139655559323728084564208984375000000000000000000
18.3109809015423472544625838054344058036804199218750000000000000000
18.6500454574996581413870444521307945251464843750000000000000000000
19.1342876540512030203444737708196043968200683593750000000000000000
17.9829335493262050249541061930358409881591796875000000000000000000
18.7141522949438048328829609090462327003479003906250000000000000000
18.9410071541987186094502249034121632575988769531250000000000000000
18.1244986667548744208033895120024681091308593750000000000000000000
18.9767492090239500157622387632727622985839843750000000000000000000
19.1101306107852693116910813841968774795532226562500000000000000000
17.7909782897361914422162953997030854225158691406250000000000000000
19.1135308055710844143959548091515898704528808593750000000000000000
18.5784107931183903872351947939023375511169433593750000000000000000
17.9180193214929524003764527151361107826232910156250000000000000000
19.1052460849888419147646345663815736770629882812500000000000000000
18.9979849434545045028244203422218561172485351562500000000000000000
17.7436923362708895979267254006117582321166992187500000000000000000
19.2074325909843146575894934358075261116027832031250000000000000000
18.8831241034096528608188236830756068229675292968750000000000000000
17.5318498050900934970286471070721745491027832031250000000000000000
18.8394804772632404876731015974655747413635253906250000000000000000
18.9588831059700027026337920688092708587646484375000000000000000000
17.0453994671892701262549962848424911499023437500000000000000000000
19.3571634051545942156735691241919994354248046875000000000000000000
18.7086260088328373285548877902328968048095703125000000000000000000
17.6076848221061830201961129205301403999328613281250000000000000000
19.0291073278917757249928399687632918357849121093750000000000000000
18.6492908017961838140763575211167335510253906250000000000000000000
17.5063068796619845102213730569928884506225585937500000000000000000
19.3792107262726034377919859252870082855224609375000000000000000000
18.3874508210106206718137400457635521888732910156250000000000000000
17.7142089489164611393334780586883425712585449218750000000000000000
19.1910954645999360934638389153406023979187011718750000000000000000
18.1443645633864605315466178581118583679199218750000000000000000000
17.3695327698410686423358129104599356651306152343750000000000000000
19.2616717104443360142340679885819554328918457031250000000000000000
18.1332236613128117141968687064945697784423828125000000000000000000
17.8928136194431530725523771252483129501342773437500000000000000000
19.1001973845608006286056479439139366149902343750000000000000000000
18.3689750598279175619609304703772068023681640625000000000000000000
17.6127092471687305419436597730964422225952148437500000000000000000
19.3549721660714979520889755804091691970825195312500000000000000000
17.6084705157789720431082969298586249351501464843750000000000000000
18.2984389939495173393879667855799198150634765625000000000000000000
18.6253069617025701631973788607865571975708007812500000000000000000
18.1323816907072981052806426305323839187622070312500000000000000000
18.0089503896135063598649139748886227607727050781250000000000000000
18.7756268456998860472140222555026412010192871093750000000000000000
17.7693818200798148154717637225985527038574218750000000000000000000
18.5361258127466292933149816235527396202087402343750000000000000000
18.4387028377696928771456441609188914299011230468750000000000000000
18.0643539103151304914263164391741156578063964843750000000000000000
18.1043066955253202365838660625740885734558105468750000000000000000
18.7715822280342905514771700836718082427978515625000000000000000000
17.6001849187260788198727823328226804733276367187500000000000000000
18.1099313481761363675559550756588578224182128906250000000000000000
18.7603979237482789699242857750505208969116210937500000000000000000
17.7782381763446402089812181657180190086364746093750000000000000000
18.1716671793988524541418883018195629119873046875000000000000000000
18.6251200440655146906010486418381333351135253906250000000000000000
17.9075917500332977283505897503346204757690429687500000000000000000
18.1034918493121885774144175229594111442565917968750000000000000000
18.6083605003042329428808443481102585792541503906250000000000000000
18.2000529918605096213468641508370637893676757812500000000000000000
17.6776905873156415793800988467410206794738769531250000000000000000
18.6004529970751271150675165699794888496398925781250000000000000000
17.8829473644795911013716249726712703704833984375000000000000000000
18.1142267146929505372554558562114834785461425781250000000000000000
17.8104231506910402060839260229840874671936035156250000000000000000
18.1137722031616732465408858843147754669189453125000000000000000000
18.0323523287206199938736972399055957794189453125000000000000000000
18.2176116882337773006383940810337662696838378906250000000000000000
17.9606074221701312865207000868394970893859863281250000000000000000
18.1160152675445189629499509464949369430541992187500000000000000000
17.6459268126157873268766707042232155799865722656250000000000000000
17.7098135131207818915299867512658238410949707031250000000000000000
18.1257436651570955632450932171195745468139648437500000000000000000
17.9402009759607530270386632764711976051330566406250000000000000000
18.0511846358625192010549653787165880203247070312500000000000000000
17.9738550520695703482942917617037892341613769531250000000000000000
17.6162439913108919142814556835219264030456542968750000000000000000
18.0014996956915389603182120481505990028381347656250000000000000000
18.6376918585064323963251808891072869300842285156250000000000000000
17.4826281863489683132684149313718080520629882812500000000000000000
18.0208283359314620497571013402193784713745117187500000000000000000
18.1824007977231438815124420216307044029235839843750000000000000000
17.9581903100659587835252750664949417114257812500000000000000000000
17.6682457494507225703728181542828679084777832031250000000000000000
17.9987321539537070691494591301307082176208496093750000000000000000
17.8165135498433819805086386622861027717590332031250000000000000000
17.4998457409749725854908319888636469841003417968750000000000000000
17.6727023951200656881610484560951590538024902343750000000000000000
17.7693870097081294545660057337954640388488769531250000000000000000
17.7057062182794808791186369489878416061401367187500000000000000000
17.4371339860121139508919441141188144683837890625000000000000000000
17.3845258325542104671512788627296686172485351562500000000000000000
17.8642409843382630185715242987498641014099121093750000000000000000
17.7776710891686562376889924053102731704711914062500000000000000000
17.1614118522269123445767036173492670059204101562500000000000000000
17.8835639318925991858577617676928639411926269531250000000000000000
17.6116009074204917794759239768609404563903808593750000000000000000
17.3857951293064800779575307387858629226684570312500000000000000000
17.3241926982482645769323426065966486930847167968750000000000000000
17.2999054855214460246770613593980669975280761718750000000000000000
16.7375056770521801752238388871774077415466308593750000000000000000
17.8876849322412816434280102839693427085876464843750000000000000000
17.0498073128902731809830584097653627395629882812500000000000000000
16.9544475116031492234469624236226081848144531250000000000000000000
17.6373456229148501961390138603746891021728515625000000000000000000
17.2844753975823479663631587754935026168823242187500000000000000000
16.7223956667506072903961467090994119644165039062500000000000000000
17.4277815112455343182773503940552473068237304687500000000000000000
16.8644440972436093773012544261291623115539550781250000000000000000
17.0007684995596690669117379002273082733154296875000000000000000000
17.0713071166875813844399090157821774482727050781250000000000000000
17.1540933474431653849023859947919845581054687500000000000000000000
16.9553843707819780206591531168669462203979492187500000000000000000
16.9420409076770432932335097575560212135314941406250000000000000000
17.0565881173853313157451339066028594970703125000000000000000000000
17.0725525237354496255193225806578993797302246093750000000000000000
17.1796891921835062078116607153788208961486816406250000000000000000
17.2057495329732006439371616579592227935791015625000000000000000000
17.2716259680483048555288405623286962509155273437500000000000000000
16.9386604685675550285850476939231157302856445312500000000000000000
16.8437889161161038487080077175050973892211914062500000000000000000
17.0487253772394247164356784196570515632629394531250000000000000000
17.0313112026925566055979288648813962936401367187500000000000000000
16.7452992440109156291327963117510080337524414062500000000000000000
17.1459020753542290549376048147678375244140625000000000000000000000
17.2280929032871910067115095444023609161376953125000000000000000000
16.4118007770896561225981713505461812019348144531250000000000000000
17.2622918264508946606383688049390912055969238281250000000000000000
17.0971360686011948359919188078492879867553710937500000000000000000
16.9152895784405821189011476235464215278625488281250000000000000000
16.8469693398092523750619875499978661537170410156250000000000000000
17.1916796496486021794680709717795252799987792968750000000000000000
16.7650698463312792796386929694563150405883789062500000000000000000
17.3039916074826862768532009795308113098144531250000000000000000000
17.0590926315816382441425957949832081794738769531250000000000000000
17.0684854352539439048541680676862597465515136718750000000000000000
16.6716411460580893333371932385489344596862792968750000000000000000
16.7896381178111262499896838562563061714172363281250000000000000000
16.7143073317118009413206891622394323348999023437500000000000000000
17.3648420426256890891636430751532316207885742187500000000000000000
16.8082362305070738273116148775443434715270996093750000000000000000
17.0166561954595891847930033691227436065673828125000000000000000000
16.5947953337750675473216688260436058044433593750000000000000000000
17.2537941168556834270475519588217139244079589843750000000000000000
16.4187648157700856188512261724099516868591308593750000000000000000
16.6526806021662814316641743062064051628112792968750000000000000000
16.8709933421923743424031272297725081443786621093750000000000000000
16.6212437594685482622480776626616716384887695312500000000000000000
16.2010636661453233386964711826294660568237304687500000000000000000
17.1871899903016078781092801364138722419738769531250000000000000000
16.2396370637672511350046988809481263160705566406250000000000000000
16.3094822642263501677462045336142182350158691406250000000000000000
16.9996360051817951841712783789262175559997558593750000000000000000
16.7584722936202084042633941862732172012329101562500000000000000000
16.0116394023585044692481460515409708023071289062500000000000000000
16.6952719571436780654494214104488492012023925781250000000000000000
16.8926176067462350260939274448901414871215820312500000000000000000
16.5037022460463944639741384889930486679077148437500000000000000000
16.9787837134589523202521377243101596832275390625000000000000000000
16.9268437067002253115788334980607032775878906250000000000000000000
15.9022353906489080088704213267192244529724121093750000000000000000
17.1596711045802230444223823724314570426940917968750000000000000000
16.9377061027017248306947294622659683227539062500000000000000000000
16.3840944339248615335691283689811825752258300781250000000000000000
16.9776039377051901624327001627534627914428710937500000000000000000
17.2343203473641999323717755032703280448913574218750000000000000000
15.7343978598756581988027392071671783924102783203125000000000000000
16.9140726822427467368470388464629650115966796875000000000000000000
16.6968079463573921827901358483359217643737792968750000000000000000
16.2380912795198355524917133152484893798828125000000000000000000000
16.4649321886067951936638564802706241607666015625000000000000000000
17.0605342948167724159702629549428820610046386718750000000000000000
15.7436948719795726248094069887883961200714111328125000000000000000
16.3253009207254358159389084903523325920104980468750000000000000000
16.7334771369982462374537135474383831024169921875000000000000000000
16.2418622568904034153547399910166859626770019531250000000000000000
16.6243793888488085030985530465841293334960937500000000000000000000
16.8415421353766916467975534033030271530151367187500000000000000000
16.0864526811281614016024832380935549736022949218750000000000000000
16.7145687360995758297121938085183501243591308593750000000000000000
16.5325108979834816125276120146736502647399902343750000000000000000
16.5376752956645205472341331187635660171508789062500000000000000000
16.7380168527311958825976034859195351600646972656250000000000000000
16.5060460579541370407241629436612129211425781250000000000000000000
16.1092246247195483022096595959737896919250488281250000000000000000
16.8352436720622051780082983896136283874511718750000000000000000000
16.0338916716890942382178764091804623603820800781250000000000000000
16.7069269308537968754535540938377380371093750000000000000000000000
16.4597663093468717931955325184389948844909667968750000000000000000
16.7931889952929722653607313986867666244506835937500000000000000000
16.1025995902651111180148291168734431266784667968750000000000000000
16.8122752058031963429129973519593477249145507812500000000000000000
16.6173503453669688667559967143461108207702636718750000000000000000
15.6998061413713152489890489960089325904846191406250000000000000000
16.5587033756451837973600049735978245735168457031250000000000000000
16.2103422886628116827978374203667044639587402343750000000000000000
15.3638203211772648160149401519447565078735351562500000000000000000
16.1548750139241015233437792630866169929504394531250000000000000000
16.5248244476525520951781800249591469764709472656250000000000000000
15.6520246180546838132841003243811428546905517578125000000000000000
16.6301337651227072456094902008771896362304687500000000000000000000
16.1585372009974435059120878577232360839843750000000000000000000000
15.7792466020822512717813879135064780712127685546875000000000000000
16.6572029755020309949031798169016838073730468750000000000000000000
16.6456282352250077849475928815081715583801269531250000000000000000
15.5565460765429133260795424575917422771453857421875000000000000000
17.0471248858818427152073127217590808868408203125000000000000000000
16.1153003325197268225110747152939438819885253906250000000000000000
15.7601162954514411040918275830335915088653564453125000000000000000
16.4970293650073287494706164579838514328002929687500000000000000000
16.5802043722410523685084626777097582817077636718750000000000000000
15.4839539500278942085742528433911502361297607421875000000000000000
16.7270438332453004193212109385058283805847167968750000000000000000
16.4378519058726197954456438310444355010986328125000000000000000000
16.1626442843982260910706827417016029357910156250000000000000000000
16.1201264387990903514946694485843181610107421875000000000000000000
16.3960064332149357824164326302707195281982421875000000000000000000
16.1526596724743853883410338312387466430664062500000000000000000000
16.6039487841174278059952484909445047378540039062500000000000000000
16.0478062461723958165293879574164748191833496093750000000000000000
16.2012428238741179598036978859454393386840820312500000000000000000
16.3302307598036904323635098990052938461303710937500000000000000000
16.2282559030492166129988618195056915283203125000000000000000000000
15.7825676828543421947870228905230760574340820312500000000000000000
16.5011830223028717057331959949806332588195800781250000000000000000
16.2971300199149524701169866602867841720581054687500000000000000000
15.8893245827424021143770005437545478343963623046875000000000000000
16.3404595928212685862490616273134946823120117187500000000000000000
16.0119783888671811666881694691255688667297363281250000000000000000
15.6831015395268416057206195546314120292663574218750000000000000000
16.2354986899183941773117112461477518081665039062500000000000000000
16.2847410073630349813811335479840636253356933593750000000000000000
15.5962399280318617655893831397406756877899169921875000000000000000
16.1333841700466678048542235046625137329101562500000000000000000000
16.3840473284174130697010696167126297950744628906250000000000000000
15.5925258066770275888757169013842940330505371093750000000000000000
15.8766412954089872755503165535628795623779296875000000000000000000
16.3041465211268281620959896827116608619689941406250000000000000000
15.3655252751882684947304369416087865829467773437500000000000000000
15.9423131253351044733790331520140171051025390625000000000000000000
16.3233704174733844638467417098581790924072265625000000000000000000
15.6857084220038576205524805118329823017120361328125000000000000000
16.0403255419950490079372684704139828681945800781250000000000000000
16.2438125016869250316631223540753126144409179687500000000000000000
15.5613509514993548776828902191482484340667724609375000000000000000
15.8440095010121027030436380300670862197875976562500000000000000000
16.4437297930199868289946607546880841255187988281250000000000000000
15.5149978714334171314703780808486044406890869140625000000000000000
16.1686149033491624038560985354706645011901855468750000000000000000
16.0363612482564512617955188034102320671081542968750000000000000000
15.6233621187567059962475468637421727180480957031250000000000000000
15.7890543637734008797224305453710258007049560546875000000000000000
16.1855384011041714131806656951084733009338378906250000000000000000
15.3012797479811819556516638840548694133758544921875000000000000000
16.0857688481782474809733685106039047241210937500000000000000000000
16.0675203549314531414893281180411577224731445312500000000000000000
15.3500312464152539604356206837110221385955810546875000000000000000
16.0669829344436294604747672565281391143798828125000000000000000000
16.3092800638343113917017035419121384620666503906250000000000000000
15.0975883955140748327039545984007418155670166015625000000000000000
16.1847468509334220243545132689177989959716796875000000000000000000
16.2471185378655889053334249183535575866699218750000000000000000000
15.5202247853241708241966989589855074882507324218750000000000000000
15.8359604929408028795023710699751973152160644531250000000000000000
15.8223993902029356206639931770041584968566894531250000000000000000
15.7011005680578978882522278581745922565460205078125000000000000000
15.6819663078457587346292712027207016944885253906250000000000000000
15.9277823075056463864029865362681448459625244140625000000000000000
15.5439512725468773624015739187598228454589843750000000000000000000
15.8265087918631301988625637022778391838073730468750000000000000000
15.6517909303189970415814968873746693134307861328125000000000000000
15.6645550215629558721275316202081739902496337890625000000000000000
15.5663052417922500580971245653927326202392578125000000000000000000
16.1635781721409621525253896834328770637512207031250000000000000000
15.2974780406732051574181241448968648910522460937500000000000000000
16.0946982342944089339198399102315306663513183593750000000000000000
16.1782399505799396877137041883543133735656738281250000000000000000
15.5200587241379626135540092946030199527740478515625000000000000000
15.2480511238648048788490996230393648147583007812500000000000000000
16.0045786287502238565139123238623142242431640625000000000000000000
15.0731408258662433752306242240592837333679199218750000000000000000
15.5536766916045525732670284924097359180450439453125000000000000000
15.6081849486621671019292989512905478477478027343750000000000000000
15.3367138206515836174048672546632587909698486328125000000000000000
15.3901896989698503404042639886029064655303955078125000000000000000
16.0142672954815914465598325477913022041320800781250000000000000000
14.8360056257015031633272883482277393341064453125000000000000000000
15.5800808526681500154609238961711525917053222656250000000000000000
15.7308108072203598482019515358842909336090087890625000000000000000
15.3246869275599006954280412173829972743988037109375000000000000000
15.9268499474992797360073382151313126087188720703125000000000000000
15.5876054924941289669959587627090513706207275390625000000000000000
15.1137321611047656944037953508086502552032470703125000000000000000
15.6294919318279621478495755582116544246673583984375000000000000000
15.6041916936984108588148956187069416046142578125000000000000000000
15.0106319884213323945232332334853708744049072265625000000000000000
15.6585179667448120000017297570593655109405517578125000000000000000
15.6132747351750555964144950849004089832305908203125000000000000000
14.5829221333089193990417697932571172714233398437500000000000000000
15.2807042871026919073074168409220874309539794921875000000000000000
15.2208309825350163180246454430744051933288574218750000000000000000
15.5426759622247079306589512270875275135040283203125000000000000000
15.1512001101264850433381070615723729133605957031250000000000000000
15.4790628695167900019669104949571192264556884765625000000000000000
14.7972146386540259754838189110159873962402343750000000000000000000
15.4644200476122719578597752843052148818969726562500000000000000000
14.8784432152012975336674571735784411430358886718750000000000000000
15.0005009591852171979553531855344772338867187500000000000000000000
14.9103344487508167048872564919292926788330078125000000000000000000
14.8504004064312074007148112286813557147979736328125000000000000000
14.8709569819863975936868882854469120502471923828125000000000000000
15.2327973742593627548558288253843784332275390625000000000000000000
14.8027790754605739209637249587103724479675292968750000000000000000
15.1483514211422711781551697640679776668548583984375000000000000000
14.8289370078299498345586471259593963623046875000000000000000000000
14.8765045940999982576613547280430793762207031250000000000000000000
14.8837091938112529021509544691070914268493652343750000000000000000
15.1416132302265697973098212969489395618438720703125000000000000000
14.8399558958304105260594951687380671501159667968750000000000000000
15.2883617393390149885590290068648755550384521484375000000000000000
15.1396183954605909605106717208400368690490722656250000000000000000
14.5791518763987202333964887657202780246734619140625000000000000000
14.6491966240580619995625966112129390239715576171875000000000000000
15.3489650649712530139368027448654174804687500000000000000000000000
14.7464702220744356964132748544216156005859375000000000000000000000
14.9287892766263023958117628353647887706756591796875000000000000000
15.2747550015738191575564997037872672080993652343750000000000000000
14.6748170303524876345591110293753445148468017578125000000000000000
14.6821976941768390645393083104863762855529785156250000000000000000
15.4211862135366111203893524361774325370788574218750000000000000000
14.3760407869229229760321686626411974430084228515625000000000000000
15.1340351437288322955510011524893343448638916015625000000000000000
14.7879264489447095343166438397020101547241210937500000000000000000
14.3794346560039549842713313410058617591857910156250000000000000000
14.4368796080110062263202053145505487918853759765625000000000000000
15.3032675722309186028269323287531733512878417968750000000000000000
14.6140591928067653526568392408080399036407470703125000000000000000
14.4963798311964886522673623403534293174743652343750000000000000000
14.5658549059975808148692522081546485424041748046875000000000000000
14.4644723217624573408102151006460189819335937500000000000000000000
14.8270609370798958082104945788159966468811035156250000000000000000
14.5933927230654365558848439832217991352081298828125000000000000000
14.2284996772589060753944067982956767082214355468750000000000000000
14.4209804368405070107428400660865008831024169921875000000000000000
14.2660885946594078177440678700804710388183593750000000000000000000
14.3024753371491275544258314766921103000640869140625000000000000000
14.4102305911376120661770983133465051651000976562500000000000000000
14.4371579404658660905624856241047382354736328125000000000000000000
14.2843706223997131132819049526005983352661132812500000000000000000
14.8840115766838572142205521231517195701599121093750000000000000000
14.2015505106841715132759418338537216186523437500000000000000000000
14.1364097858599340185037362971343100070953369140625000000000000000
14.5231275431207524917454065871424973011016845703125000000000000000
14.6733973536693191874746844405308365821838378906250000000000000000
14.1474169444223498715018649818375706672668457031250000000000000000
14.5578278294229281897287364699877798557281494140625000000000000000
14.2833080605048774458509797113947570323944091796875000000000000000
14.3985478871607046613689817604608833789825439453125000000000000000
14.6072272977346688804800578509457409381866455078125000000000000000
14.7423576622932053226122661726549267768859863281250000000000000000
14.4893376956634725161165988538414239883422851562500000000000000000
14.9717276722200463012768523185513913631439208984375000000000000000
14.3445942318926320524496986763551831245422363281250000000000000000
14.5505327387920768700269036344252526760101318359375000000000000000
14.7005345527988939835495330044068396091461181640625000000000000000
14.6759558139602201976003925665281713008880615234375000000000000000
14.2113110809704519255092236562632024288177490234375000000000000000
14.4628266912710881086923109251074492931365966796875000000000000000
14.7184038323381241042397959972731769084930419921875000000000000000
14.1334157585135287149569194298237562179565429687500000000000000000
14.3740232256903421870219972333870828151702880859375000000000000000
14.4643137156614649541097605833783745765686035156250000000000000000
14.2536918258063884934472298482432961463928222656250000000000000000
14.5476146446729455163904276560060679912567138671875000000000000000
14.0164316981118499683134359656833112239837646484375000000000000000
13.9548021652283633642355198389850556850433349609375000000000000000
14.5102015416946077408510973327793180942535400390625000000000000000
14.1499957954697226369944473844952881336212158203125000000000000000
13.8504375276529927418778243009001016616821289062500000000000000000
14.7412384442144208662739401916041970252990722656250000000000000000
14.1995049454581199199765251250937581062316894531250000000000000000
14.0112637651259159810024357284419238567352294921875000000000000000
14.6421839832053031216219096677377820014953613281250000000000000000
14.2840042143452183864837934379465878009796142578125000000000000000
13.9337099723660706729333469411358237266540527343750000000000000000
14.6412940786987100239002757007256150245666503906250000000000000000
14.4475429876752361479930186760611832141876220703125000000000000000
14.5145356715081188525573452352546155452728271484375000000000000000
14.5046472819241358820363529957830905914306640625000000000000000000
13.9042227487107776795483005116693675518035888671875000000000000000
14.2591654342071478822617791593074798583984375000000000000000000000
14.6742410452401763620855490444228053092956542968750000000000000000
13.9923150059653238486134796403348445892333984375000000000000000000
14.3977646762367417210271014482714235782623291015625000000000000000
14.5286183266367263655638453201390802860260009765625000000000000000
13.5197155587548625277349856332875788211822509765625000000000000000
13.7448893357000621051611233269795775413513183593750000000000000000
14.0689060399457304129100521095097064971923828125000000000000000000
13.7222798930603389067073294427245855331420898437500000000000000000
13.8305900391959166739752618013881146907806396484375000000000000000
13.9056677987717964839475826011039316654205322265625000000000000000
13.5860208742552028837735633715055882930755615234375000000000000000
14.3194244147660860733139998046681284904479980468750000000000000000
14.2612759806532771733600384322926402091979980468750000000000000000
13.6042378705051643095202962285839021205902099609375000000000000000
13.9390267489933830091786148841492831707000732421875000000000000000
14.9545082013828736222649240517057478427886962890625000000000000000
13.7678161097781561750252876663580536842346191406250000000000000000
14.3989672778538881914300873177126049995422363281250000000000000000
14.5610199394495758440370991593226790428161621093750000000000000000
13.6197509533829244077196563011966645717620849609375000000000000000
14.0644055946541630675028500263579189777374267578125000000000000000
14.4346143839481069193197981803677976131439208984375000000000000000
14.1929684890402469932269013952463865280151367187500000000000000000
14.0215359185074195380593664594925940036773681640625000000000000000
14.3811667149723074743405959452502429485321044921875000000000000000
13.9102253657970127420639983029104769229888916015625000000000000000
14.1678596802301264290235849330201745033264160156250000000000000000
14.3844221002358452210501127410680055618286132812500000000000000000
14.2838746378045158280656323768198490142822265625000000000000000000
13.6514108503907198866045291651971638202667236328125000000000000000
14.3000762026423746675618531298823654651641845703125000000000000000
13.9419110051382446613388310652226209640502929687500000000000000000
14.0365485051516660774950651102699339389801025390625000000000000000
14.3905394376004682754910390940494835376739501953125000000000000000
14.2362182850191327787570116925053298473358154296875000000000000000
13.7348152557332259249278649804182350635528564453125000000000000000
14.5560179978691834890014433767646551132202148437500000000000000000
13.9698698923888748879562626825645565986633300781250000000000000000
14.4231707859518536452014814130961894989013671875000000000000000000
14.1964097489556824172041160636581480503082275390625000000000000000
14.0077342951837717777152647613547742366790771484375000000000000000
13.8882426946332202533085364848375320434570312500000000000000000000
14.3710583882863272009444699506275355815887451171875000000000000000
14.2383829616008164009599568089470267295837402343750000000000000000
14.2167588530322870354893893818370997905731201171875000000000000000
14.5454829845364770335436332970857620239257812500000000000000000000
13.9927527663188797646398597862571477890014648437500000000000000000
13.7580560288530744372792469221167266368865966796875000000000000000
14.5627483860906323798189987428486347198486328125000000000000000000
13.8068020909808435447985175414942204952239990234375000000000000000
14.1921808381454859215864416910335421562194824218750000000000000000
14.5339293331876380221956424065865576267242431640625000000000000000
13.8673103412057105998655970324762165546417236328125000000000000000
13.6010688126365302252906985813751816749572753906250000000000000000
14.6730022064880838428280185326002538204193115234375000000000000000
13.5037917757087271297677943948656320571899414062500000000000000000
13.8196188818508769458048845990560948848724365234375000000000000000
14.4379442488609193162574229063466191291809082031250000000000000000
14.0618287249407174499538086820393800735473632812500000000000000000
13.2944522459341349929218267789110541343688964843750000000000000000
14.5239612904998125486599747091531753540039062500000000000000000000
13.3305165120088808805576263694092631340026855468750000000000000000
13.7711290944782902556653425563126802444458007812500000000000000000
14.2593073134116838929230652865953743457794189453125000000000000000
13.6779710510449596938542526913806796073913574218750000000000000000
13.6600159271070431543648737715557217597961425781250000000000000000
14.3310926254852031291875391616486012935638427734375000000000000000
13.5105456380743991218196242698468267917633056640625000000000000000
13.3765277949600598361712400219403207302093505859375000000000000000
14.3840695388521275788207276491448283195495605468750000000000000000
13.7940670588027654019924739259295165538787841796875000000000000000
13.6239524653840557988360160379670560359954833984375000000000000000
14.0705145064871235405234983772970736026763916015625000000000000000
13.5284117292027250556429862626828253269195556640625000000000000000
13.6204525572836594449199765222147107124328613281250000000000000000
13.7631344646458444458403391763567924499511718750000000000000000000
13.7891925653161209197605785448104143142700195312500000000000000000
13.3822361377490306466597758117131888866424560546875000000000000000
14.5590425471004980551015250966884195804595947265625000000000000000
13.3550756302384456830623093992471694946289062500000000000000000000
13.8353847744965854360543744405731558799743652343750000000000000000
13.6537060127671114884151393198408186435699462890625000000000000000
13.3879784771113570229772449238225817680358886718750000000000000000
13.7220839384321777743025450035929679870605468750000000000000000000
14.1828126214942589200518341385759413242340087890625000000000000000
13.6461271500235756803931508329696953296661376953125000000000000000
13.9675517899467482862974065938033163547515869140625000000000000000
13.4973722500557951065047745942138135433197021484375000000000000000
13.6345774653928835107308259466663002967834472656250000000000000000
13.6932085434915045141224254621192812919616699218750000000000000000
14.0888432163956149878458745661191642284393310546875000000000000000
13.4445027998501949184628756484016776084899902343750000000000000000
14.0275612614031093272615180467255413532257080078125000000000000000
13.6344422053600720090571485343389213085174560546875000000000000000
13.8938577483774086118728519068099558353424072265625000000000000000
13.9842259289953592116262370836921036243438720703125000000000000000
13.7910681070681988558135344646871089935302734375000000000000000000
13.9470744965419566341324753011576831340789794921875000000000000000
14.0221520719955297096248614252544939517974853515625000000000000000
13.4753084269412397588894236832857131958007812500000000000000000000
14.0876346485518091355970682343468070030212402343750000000000000000
13.6551802949650245011525839800015091896057128906250000000000000000
14.0698801166615279356619794270955026149749755859375000000000000000
13.7285918271253546407706380705349147319793701171875000000000000000
13.9988804192569986639682610984891653060913085937500000000000000000
13.9728088955858105180141137680038809776306152343750000000000000000
13.9506608465202130986426709569059312343597412109375000000000000000
13.7754890753111638446171127725392580032348632812500000000000000000
13.9039510627025979516702136606909334659576416015625000000000000000
13.5969482625767543737538289860822260379791259765625000000000000000
13.9980799689550092779199985670857131481170654296875000000000000000
13.8433083336946793906463426537811756134033203125000000000000000000
14.0565923740165228394971563830040395259857177734375000000000000000
13.8330179022585930681543686660006642341613769531250000000000000000
14.2364477054914839726507125305943191051483154296875000000000000000
13.5207425351427925619418601854704320430755615234375000000000000000
13.4978281422818184864809154532849788665771484375000000000000000000
13.9281558304170935969068523263558745384216308593750000000000000000
14.0598588029430811019437896902672946453094482421875000000000000000
13.8996475416934721636152971768751740455627441406250000000000000000
14.4303573331661745271503605181351304054260253906250000000000000000
13.5376650655835550907113429275341331958770751953125000000000000000
14.1076498852255323157578459358774125576019287109375000000000000000
13.8979237589182087475592197733931243419647216796875000000000000000
14.2731553954808862982872597058303654193878173828125000000000000000
13.5013042657926476408647431526333093643188476562500000000000000000
14.4370168765671031962938286596909165382385253906250000000000000000
13.4951879519936159823600974050350487232208251953125000000000000000
13.7098603051465701696542964782565832138061523437500000000000000000
13.2760792047528468629025155678391456604003906250000000000000000000
14.2808254258108444645358758862130343914031982421875000000000000000
13.1592801341817224880514913820661604404449462890625000000000000000
14.7533939364162094420862558763474225997924804687500000000000000000
13.6121086533450963429459079634398221969604492187500000000000000000
13.8476805350825600271491566672921180725097656250000000000000000000
13.1405048293032109540945384651422500610351562500000000000000000000
14.4016517541342601305132120614871382713317871093750000000000000000
12.9341710981846027550545841222628951072692871093750000000000000000
14.4146030640133684386228196672163903713226318359375000000000000000
13.8423975131414280781427805777639150619506835937500000000000000000
14.0039072062512932603794979513622820377349853515625000000000000000
13.2865691578495521696368086850270628929138183593750000000000000000
14.2631899299845184003743270295672118663787841796875000000000000000
12.8612207954694621747648852760903537273406982421875000000000000000
13.5556391276612782093025089125148952007293701171875000000000000000
13.9249707464363172704224780318327248096466064453125000000000000000
14.0530843149342281606095639290288090705871582031250000000000000000
12.8907210473342139778196724364534020423889160156250000000000000000
13.8581149471197946354550367686897516250610351562500000000000000000
13.0180634558813643764096923405304551124572753906250000000000000000
13.6204211412308868744958090246655046939849853515625000000000000000
13.8013352272512346274879746488295495510101318359375000000000000000
13.5930642688596492462238529697060585021972656250000000000000000000
12.8868521254441024126435877406038343906402587890625000000000000000
13.8022476876636996934166745631955564022064208984375000000000000000
13.1686252064814297568773326929658651351928710937500000000000000000
13.6753762937264760068956093164160847663879394531250000000000000000
13.7057035386387155995180364698171615600585937500000000000000000000
13.6407177365083711606530414428561925888061523437500000000000000000
12.9586967003379225360504278796724975109100341796875000000000000000
13.6360317014943994706754892831668257713317871093750000000000000000
13.2840555344092710043923943885602056980133056640625000000000000000
13.6595723713876271432354769785888493061065673828125000000000000000
13.5544972125047333832981166779063642024993896484375000000000000000
13.6689155020253743089142517419531941413879394531250000000000000000
12.8702714060787748451275547267869114875793457031250000000000000000
13.7434856183805305107625827076844871044158935546875000000000000000
13.0891609324460134189394011627882719039916992187500000000000000000
13.5847824535446886073941641370765864849090576171875000000000000000
13.5121116975582893360297020990401506423950195312500000000000000000
13.6164824334873095779130380833521485328674316406250000000000000000
13.5635007440238410936217405833303928375244140625000000000000000000
13.2397948754463143927750934381037950515747070312500000000000000000
13.0153032493040115014082402922213077545166015625000000000000000000
14.1900422080602766072843223810195922851562500000000000000000000000
13.1128375684592484162749315146356821060180664062500000000000000000
13.2911092151053367160784546285867691040039062500000000000000000000
13.8276990291550525569164165062829852104187011718750000000000000000
13.1700884154604054288029146846383810043334960937500000000000000000
12.9351779922823570956325056613422930240631103515625000000000000000
14.3413611108608893829341468517668545246124267578125000000000000000
12.7155043260295563811723695835098624229431152343750000000000000000
13.3643848018246949038712045876309275627136230468750000000000000000
13.9558898989082109665105235762894153594970703125000000000000000000
13.6784015693463576468502651550807058811187744140625000000000000000
12.8627429156227908180198937770910561084747314453125000000000000000
13.9089759375397168383869939134456217288970947265625000000000000000
13.2724824553158580187073312117718160152435302734375000000000000000
13.1727607782148314896630836301483213901519775390625000000000000000
13.1960878188830790236352186184376478195190429687500000000000000000
13.3210002771219517825329603510908782482147216796875000000000000000
12.8577451983653627820558540406636893749237060546875000000000000000
13.9442505645391197077742617693729698657989501953125000000000000000
12.9523252616599098274718926404602825641632080078125000000000000000
13.6047002844687643374754770775325596332550048828125000000000000000
12.7862908247050572896341691375710070133209228515625000000000000000
13.6954852459587339552626872318796813488006591796875000000000000000
13.2988529543959401735264691524207592010498046875000000000000000000
13.3349153881862836357186097302474081516265869140625000000000000000
13.0372031249264708208102092612534761428833007812500000000000000000
13.5642103356760852506113224080763757228851318359375000000000000000
12.7628511200680776482840883545577526092529296875000000000000000000
13.5017563868142502769842394627630710601806640625000000000000000000
12.9456375909566538950912217842414975166320800781250000000000000000
13.3215879875798730580527262645773589611053466796875000000000000000
13.2180749798716909992890577996149659156799316406250000000000000000
13.7682569125546887534028428490273654460906982421875000000000000000
13.0175838063479663020416410290636122226715087890625000000000000000
13.6306288112463125372642025467939674854278564453125000000000000000
13.1392782055919052908166122506372630596160888671875000000000000000
13.4967563633765763597693876363337039947509765625000000000000000000
13.1782972571808496553558143205009400844573974609375000000000000000
13.3476055962367308183047498459927737712860107421875000000000000000
12.5958366931699305979464043048210442066192626953125000000000000000
13.4253135093617821382849797373637557029724121093750000000000000000
13.1124163766516410589701990829780697822570800781250000000000000000
12.7101643530710610718870157143101096153259277343750000000000000000
13.3054548660077411881275111227296292781829833984375000000000000000
13.1764773815613285279368938063271343708038330078125000000000000000
12.7984935237950363529080277658067643642425537109375000000000000000
13.0199386852469007891386354458518326282501220703125000000000000000
12.8499467389080095358622202184051275253295898437500000000000000000
13.0714737323590419748597923899069428443908691406250000000000000000
12.9567070445078016405204834882169961929321289062500000000000000000
13.0817889729207763593876734375953674316406250000000000000000000000
13.1538102697248540096097713103517889976501464843750000000000000000
13.0874987727195026820936618605628609657287597656250000000000000000
13.1410269901235725598098724731244146823883056640625000000000000000
12.7221419259750252450658081215806305408477783203125000000000000000
13.4354437804273452172765246359631419181823730468750000000000000000
13.0557184030937758478785326587967574596405029296875000000000000000
13.2048615066227856829073061817325651645660400390625000000000000000
13.1102817558854134460943896556273102760314941406250000000000000000
13.4534909028480118564630174660123884677886962890625000000000000000
12.9269519411797446650780329946428537368774414062500000000000000000
13.3594727803657722375874072895385324954986572265625000000000000000
13.4426918787798665988475477206520736217498779296875000000000000000
12.6866555218499819090993696590885519981384277343750000000000000000
13.2749799466680542536778375506401062011718750000000000000000000000
13.3204945231514955139573430642485618591308593750000000000000000000
12.6510863977878074138061492703855037689208984375000000000000000000
13.2345039602037353176910983165726065635681152343750000000000000000
13.3194500529020718460060379584319889545440673828125000000000000000
12.1811339450745155232880279072560369968414306640625000000000000000
13.0699201105310880421939145890064537525177001953125000000000000000
13.4226335073576148460006152163259685039520263671875000000000000000
12.6463909433058407927319422014988958835601806640625000000000000000
12.9795124145602649434749764623120427131652832031250000000000000000
13.5468617458928424213127073016948997974395751953125000000000000000
12.2121355244292768560399053967557847499847412109375000000000000000
13.2550028251545999324889635317958891391754150390625000000000000000
13.4785615832464067409546260023489594459533691406250000000000000000
12.5061480199872701035701538785360753536224365234375000000000000000
13.0728889837216826208532438613474369049072265625000000000000000000
13.1497093114711951500339637277647852897644042968750000000000000000
12.5616081769851852811825665412470698356628417968750000000000000000
12.9891406445365582555950823007151484489440917968750000000000000000
13.1014479757336115284260813496075570583343505859375000000000000000
12.8472163317242298319342808099463582038879394531250000000000000000
13.0344344560029679058743568020872771739959716796875000000000000000
13.6084193578526555512553386506624519824981689453125000000000000000
12.2852408438765383635882244561798870563507080078125000000000000000
13.1370991164183976707136025652289390563964843750000000000000000000
13.2681193225814286762442861800082027912139892578125000000000000000
12.9550562467783372255780705017969012260437011718750000000000000000
12.6113536553868303968783948221243917942047119140625000000000000000
13.5764826646454128677987682749517261981964111328125000000000000000
12.5607341407810366717967553995549678802490234375000000000000000000
12.7108741405457870143891341285780072212219238281250000000000000000
13.2650387615877924929463915759697556495666503906250000000000000000
12.9926580470465218297704268479719758033752441406250000000000000000
12.3010545499870431740419007837772369384765625000000000000000000000
13.2796827358249984740723448339849710464477539062500000000000000000
12.4937518250878483172527921851724386215209960937500000000000000000
12.7951311644699501357536064460873603820800781250000000000000000000
13.0404381123431623024089276441372931003570556640625000000000000000
12.9135886222863778272085255593992769718170166015625000000000000000
12.3172211260705655178071538102813065052032470703125000000000000000
13.3809453444365473728794313501566648483276367187500000000000000000
12.3920350188913204192431294359266757965087890625000000000000000000
12.9522001126699048967338967486284673213958740234375000000000000000
13.2352671189172852450610662344843149185180664062500000000000000000
12.5767426878063819373210208141244947910308837890625000000000000000
12.7166837427177288333268734277226030826568603515625000000000000000
13.5218436408614923749382796813733875751495361328125000000000000000
12.1414516252443576149744330905377864837646484375000000000000000000
13.1047073064636254713377638836391270160675048828125000000000000000
13.1500397820506549351193825714290142059326171875000000000000000000
12.6845429433139980091027609887532889842987060546875000000000000000
12.1513632973108798296379973180592060089111328125000000000000000000
13.3306809656734230884467251598834991455078125000000000000000000000
12.3931314941068926316347642568871378898620605468750000000000000000
12.8223051931671232495091317105107009410858154296875000000000000000
12.8192656824448150132411683443933725357055664062500000000000000000
12.9767272859867173195880241109989583492279052734375000000000000000
12.1134130868247069656717940233647823333740234375000000000000000000
13.2986118379462130434376376797445118427276611328125000000000000000
12.1775905682240850325115388841368257999420166015625000000000000000
13.1048451331710698042343210545368492603302001953125000000000000000
12.8564724772771690197714633541181683540344238281250000000000000000
12.7606781264488517990685068070888519287109375000000000000000000000
12.5979550800721309400387326604686677455902099609375000000000000000
13.0719523137019049130458370200358331203460693359375000000000000000
12.4209461625746069302067553508095443248748779296875000000000000000
13.1392783272720130582911224337294697761535644531250000000000000000
12.6168307378364730197972676251083612442016601562500000000000000000
12.7224820878054813988455862272530794143676757812500000000000000000
12.3501231971625884398235939443111419677734375000000000000000000000
13.0812317904193502471343890647403895854949951171875000000000000000
12.7479138126051161350460461108013987541198730468750000000000000000
12.8579237393565790625871159136295318603515625000000000000000000000
12.8011690402295421620237902970984578132629394531250000000000000000
12.9330629715516352007398381829261779785156250000000000000000000000
12.7999954146884995509481086628511548042297363281250000000000000000
13.3657789983766583929991611512377858161926269531250000000000000000
12.5522568161220462457094981800764799118041992187500000000000000000
13.0672574856751761984696713625453412532806396484375000000000000000
13.0435131845717862120181962382048368453979492187500000000000000000
12.7706085117366008319095271872356534004211425781250000000000000000
12.6628945327867210579597667674534022808074951171875000000000000000
13.0998270885268546237512055085971951484680175781250000000000000000
13.1304375218315758644394009024836122989654541015625000000000000000
12.6495763913680345780221614404581487178802490234375000000000000000
13.1403553502224585969315739930607378482818603515625000000000000000
12.8828748851394720986718311905860900878906250000000000000000000000
12.4984060685693414427532843546941876411437988281250000000000000000
13.2540285780181807950839356635697185993194580078125000000000000000
12.5547785506948059719434240832924842834472656250000000000000000000
12.4536592281439517648777837166562676429748535156250000000000000000
13.2970843446435473822475614724680781364440917968750000000000000000
12.7276544234446973291596805211156606674194335937500000000000000000
12.3016985267345759780255320947617292404174804687500000000000000000
13.6479052563434457567836943781003355979919433593750000000000000000
12.5224159001301753590951193473301827907562255859375000000000000000
12.2012417828647929951557671301998198032379150390625000000000000000
13.5481243662870003419129716348834335803985595703125000000000000000
12.5016583228535509419998561497777700424194335937500000000000000000
12.3747229242949288163799792528152465820312500000000000000000000000
12.7483246215792309641301471856422722339630126953125000000000000000
13.1212734079107011808673632913269102573394775390625000000000000000
12.2271826268928140990510655683465301990509033203125000000000000000
12.8354928141362734095309861004352569580078125000000000000000000000
12.6992996880575130802526473416946828365325927734375000000000000000
12.6720311741333819810506611247546970844268798828125000000000000000
12.5756246741248904896792737417854368686676025390625000000000000000
12.9600328681939096497899299720302224159240722656250000000000000000
12.4853909697528369093788569443859159946441650390625000000000000000
12.6027312816061449751714462763629853725433349609375000000000000000
12.4975644863579642418471848941408097743988037109375000000000000000
12.6292625322205047666557220509275794029235839843750000000000000000
12.3675314690341622281266609206795692443847656250000000000000000000
12.4840487428733197816654865164309740066528320312500000000000000000
12.6985051680453935318837466184049844741821289062500000000000000000
12.5182214599403849319969594944268465042114257812500000000000000000
12.1626838283559344233708543470129370689392089843750000000000000000
12.5580106326112943548878320143558084964752197265625000000000000000
12.4903845141639493476759525947272777557373046875000000000000000000
12.8688538057460721830693728406913578510284423828125000000000000000
12.3547614590442034199213594547472894191741943359375000000000000000
12.9601764392384257718049411778338253498077392578125000000000000000
12.2423143170243982069678168045356869697570800781250000000000000000
12.3185140242271735644408181542530655860900878906250000000000000000
12.5997516936398774589633831055834889411926269531250000000000000000
13.0144532584380527850953512825071811676025390625000000000000000000
12.5550290243700928272119199391454458236694335937500000000000000000
13.1534073569646263734966851188801229000091552734375000000000000000
12.6518733070073903235197576577775180339813232421875000000000000000
12.3508674057273495350273151416331529617309570312500000000000000000
12.7675098984879014096804894506931304931640625000000000000000000000
12.7305510671717545534420423791743814945220947265625000000000000000
12.4036527360242949669100198661908507347106933593750000000000000000
13.1394919618082059997732358169741928577423095703125000000000000000
12.3666780383824850275686912937089800834655761718750000000000000000
12.5052759220485167901415479718707501888275146484375000000000000000
12.6161681391761106851845397613942623138427734375000000000000000000
12.9723200411181665003823582082986831665039062500000000000000000000
12.4171747861291645875780886854045093059539794921875000000000000000
13.0396884071428367235512268962338566780090332031250000000000000000
12.9583963508327872915515399654395878314971923828125000000000000000
12.4530879181877676131762200384400784969329833984375000000000000000
12.6006077153568547544182365527376532554626464843750000000000000000
13.1057289362093332130143608083017170429229736328125000000000000000
11.9806179424704666303114208858460187911987304687500000000000000000
13.1049976440328030946602666517719626426696777343750000000000000000
12.8319468377322749574886984191834926605224609375000000000000000000
12.6115556310201775147561420453712344169616699218750000000000000000
12.3016862241597575433615929796360433101654052734375000000000000000
12.6466880170897528756768224411644041538238525390625000000000000000
12.2294681251995047688296835985966026782989501953125000000000000000
12.8609640587521454335728776641190052032470703125000000000000000000
12.4583746271681103934270140598528087139129638671875000000000000000
12.3126306933946434440940720378421247005462646484375000000000000000
12.3012660224366321415345737477764487266540527343750000000000000000
13.0072049854271867275201657321304082870483398437500000000000000000
11.9929643268870105288215199834667146205902099609375000000000000000
12.8823866757793545900767639977857470512390136718750000000000000000
12.4823470405915148973008399480022490024566650390625000000000000000
12.4279037563434187063649005722254514694213867187500000000000000000
12.6201208480635020947602242813445627689361572265625000000000000000
12.4673634196668476903369082720018923282623291015625000000000000000
11.5565152650211686591319448780268430709838867187500000000000000000
12.6176046972871915841096779331564903259277343750000000000000000000
12.4672117453531487996087889769114553928375244140625000000000000000
12.5073669024957379036777638248167932033538818359375000000000000000
12.2595107415906312553488533012568950653076171875000000000000000000
12.9825389687858674392373359296470880508422851562500000000000000000
11.7103506197497466700951918028295040130615234375000000000000000000
12.7895707664121331958995142485946416854858398437500000000000000000
12.2078856213231521365969456383027136325836181640625000000000000000
12.4672735835789136871198934386484324932098388671875000000000000000
12.7271760810791061402369450661353766918182373046875000000000000000
12.4397644357421324201595780323259532451629638671875000000000000000
11.8861673150157329814646800514310598373413085937500000000000000000
13.0455703624245753502464140183292329311370849609375000000000000000
12.4443520397230606988614454166963696479797363281250000000000000000
12.4047520014439101032621692866086959838867187500000000000000000000
12.6007396917094016686178292729891836643218994140625000000000000000
12.9578229987327748773395796888507902622222900390625000000000000000
12.1269044868951318960625940235331654548645019531250000000000000000
12.7573531743825334672237659106031060218811035156250000000000000000
11.8739176144039753069137077545747160911560058593750000000000000000
12.6723494267111611577547591878101229667663574218750000000000000000
12.4442760619198224958381615579128265380859375000000000000000000000
12.5133042142273627206350283813662827014923095703125000000000000000
11.9953752276415990252189658349379897117614746093750000000000000000
12.7947598355315381724039980326779186725616455078125000000000000000
12.1439975586374266924849507631734013557434082031250000000000000000
12.5364771836272872462814120808616280555725097656250000000000000000
12.6665845003532169243953831028193235397338867187500000000000000000
12.4565665111239631812622974393889307975769042968750000000000000000
12.3862521724414680335257799015380442142486572265625000000000000000
12.5810024980012702400244961609132587909698486328125000000000000000
12.1693794561198789239142570295371115207672119140625000000000000000
12.3979003354343166876105897244997322559356689453125000000000000000
12.7322016706326994750497760833241045475006103515625000000000000000
12.1473468064699119395299931056797504425048828125000000000000000000
12.3776686544362135578012384939938783645629882812500000000000000000
12.4667988651765693219886088627390563488006591796875000000000000000
12.2237336243458010187623585807159543037414550781250000000000000000
12.7617121311518246784544317051768302917480468750000000000000000000
12.2966696194311264633824976044707000255584716796875000000000000000
12.5914550217453555802649134420789778232574462890625000000000000000
12.4597785873004909262817818671464920043945312500000000000000000000
12.5218876444973528094806169974617660045623779296875000000000000000
12.4758018583531207212899971636943519115447998046875000000000000000
12.5889702602050750357420838554389774799346923828125000000000000000
12.3501706798333898973396571818739175796508789062500000000000000000
12.2873651531859682251024423749186098575592041015625000000000000000
12.3871050091101562173889760742895305156707763671875000000000000000
12.7537248234892217624292243272066116333007812500000000000000000000
12.5679329570787032821499451529234647750854492187500000000000000000
12.1340128739033108473677202709950506687164306640625000000000000000
12.4861502269484141436350910225883126258850097656250000000000000000
12.5964857853676726051617151824757456779479980468750000000000000000
12.3158500028703201678581535816192626953125000000000000000000000000
12.5850379599378143780086247716099023818969726562500000000000000000
12.3027803518815197492131119361147284507751464843750000000000000000
12.4809194261625098221202279091812670230865478515625000000000000000
12.4337023747497887882218492450192570686340332031250000000000000000
12.1401009198074660844213212840259075164794921875000000000000000000
12.4131585489098821284414952970109879970550537109375000000000000000
12.2668512703804957197917246958240866661071777343750000000000000000
11.8702932097131093058806072804145514965057373046875000000000000000
12.8276830186716015447245808900333940982818603515625000000000000000
12.3331334475098124414671474369242787361145019531250000000000000000
12.0183719065841767559277286636643111705780029296875000000000000000
12.5338993448383906326171199907548725605010986328125000000000000000
11.9178417674195902264955293503589928150177001953125000000000000000
12.5600760925373862164633464999496936798095703125000000000000000000
12.3969520791405916071425963309593498706817626953125000000000000000
